1.474280834197998047e+00
6.914801001548767090e-01
1.440644264221191406e+00
1.408045768737792969e+00
9.864811301231384277e-01
8.636202812194824219e-01
-6.153604388236999512e-01
4.839226007461547852e-01
4.862793982028961182e-01
3.716214299201965332e-01
4.598966836929321289e-01
1.299815177917480469e+00
-1.016528844833374023e+00
-3.524989485740661621e-01
4.458219707012176514e-01
-1.119980737566947937e-01
-6.717441976070404053e-02
4.875473678112030029e-03
1.946917623281478882e-01
-7.796769738197326660e-01
7.287401556968688965e-01
1.714877724647521973e+00
-1.597100734710693359e+00
7.393483817577362061e-02
3.225609362125396729e-01
8.453295230865478516e-01
8.985972404479980469e-01
2.548799514770507812e-01
9.735668301582336426e-01
1.126190662384033203e+00
4.476818144321441650e-01
-2.367606878280639648e+00
