000000000000000000
000000000111111111
000000001111111111
000000010111111111
000000011111111111
000000100111111111
000000101111111111
000000110111111111
000000111111111110
000001000111111110
000001001111111101
000001010111111100
000001011111111011
000001100111111010
000001101111111000
000001110111110111
000001111111110101
000010000111110011
000010001111110000
000010010111101110
000010011111101011
000010100111100111
000010101111100100
000010110111100000
000010111111011100
000011000111010111
000011001111010010
000011010111001100
000011011111000111
000011100111000000
000011101110111010
000011110110110010
000011111110101011
000100000110100011
000100001110011010
000100010110010001
000100011110000111
000100100101111101
000100101101110010
000100110101100110
000100111101011010
000101000101001110
000101001101000001
000101010100110011
000101011100100100
000101100100010101
000101101100000101
000101110011110101
000101111011100011
000110000011010010
000110001010111111
000110010010101011
000110011010010111
000110100010000010
000110101001101101
000110110001010110
000110111000111111
000111000000100111
000111001000001110
000111001111110100
000111010111011001
000111011110111110
000111100110100001
000111101110000100
000111110101100101
000111111101000110
001000000100100110
001000001100000101
001000010011100011
001000011011000000
001000100010011100
001000101001110111
001000110001010001
001000111000101010
001001000000000010
001001000111011001
001001001110101111
001001010110000100
001001011101011000
001001100100101011
001001101011111100
001001110011001101
001001111010011100
001010000001101011
001010001000111000
001010010000000100
001010010111001111
001010011110011000
001010100101100001
001010101100101000
001010110011101110
001010111010110011
001011000001110111
001011001000111010
001011001111111011
001011010110111011
001011011101111010
001011100100111000
001011101011110100
001011110010101111
001011111001101001
001100000000100010
001100000111011001
001100001110001111
001100010101000011
001100011011110111
001100100010101001
001100101001011001
001100110000001001
001100110110110111
001100111101100100
001101000100001111
001101001010111001
001101010001100001
001101011000001001
001101011110101110
001101100101010011
001101101011110110
001101110010011000
001101111000111000
001101111111010111
001110000101110100
001110001100010000
001110010010101011
001110011001000100
001110011111011100
001110100101110010
001110101100000111
001110110010011010
001110111000101100
001110111110111101
001111000101001100
001111001011011001
001111010001100101
001111010111110000
001111011101111001
001111100100000001
001111101010000111
001111110000001011
001111110110001111
001111111100010000
010000000010010000
010000001000001111
010000001110001100
010000010100001000
010000011010000010
010000011111111011
010000100101110010
010000101011101000
010000110001011100
010000110111001110
010000111100111111
010001000010101111
010001001000011101
010001001110001001
010001010011110100
010001011001011110
010001011111000110
010001100100101100
010001101010010001
010001101111110100
010001110101010110
010001111010110110
010010000000010101
010010000101110010
010010001011001101
010010010000100111
010010010110000000
010010011011010111
010010100000101100
010010100110000000
010010101011010011
010010110000100011
010010110101110011
010010111011000000
010011000000001101
010011000101010111
010011001010100001
010011001111101000
010011010100101110
010011011001110011
010011011110110110
010011100011110111
010011101000110111
010011101101110101
010011110010110010
010011110111101110
010011111100100111
010100000001100000
010100000110010111
010100001011001100
010100010000000000
010100010100110010
010100011001100010
010100011110010010
010100100010111111
010100100111101011
010100101100010110
010100110000111111
010100110101100111
010100111010001101
010100111110110010
010101000011010101
010101000111110110
010101001100010111
010101010000110101
010101010101010011
010101011001101110
010101011110001000
010101100010100001
010101100110111001
010101101011001110
010101101111100011
010101110011110110
010101111000000111
010101111100010111
010110000000100110
010110000100110011
010110001000111110
010110001101001000
010110010001010001
010110010101011000
010110011001011110
010110011101100011
010110100001100110
010110100101100111
010110101001101000
010110101101100110
010110110001100100
010110110101100000
010110111001011010
010110111101010011
010111000001001011
010111000101000010
010111001000110111
010111001100101010
010111010000011100
010111010100001101
010111010111111101
010111011011101011
010111011111011000
010111100011000011
010111100110101101
010111101010010110
010111101101111101
010111110001100011
010111110101001000
010111111000101100
010111111100001110
010111111111101110
011000000011001110
011000000110101100
011000001010001001
011000001101100100
011000010000111111
011000010100011000
011000010111101111
011000011011000110
011000011110011011
011000100001101111
011000100101000001
011000101000010010
011000101011100010
011000101110110001
011000110001111111
011000110101001011
011000111000010110
011000111011100000
011000111110101001
011001000001110000
011001000100110110
011001000111111011
011001001010111111
011001001110000010
011001010001000011
011001010100000011
011001010111000010
011001011010000000
011001011100111101
011001011111111000
011001100010110011
011001100101101100
011001101000100100
011001101011011011
011001101110010001
011001110001000101
011001110011111001
011001110110101011
011001111001011100
011001111100001100
011001111110111011
011010000001101001
011010000100010110
011010000111000010
011010001001101100
011010001100010110
011010001110111110
011010010001100110
011010010100001100
011010010110110001
011010011001010101
011010011011111000
011010011110011010
011010100000111011
011010100011011011
011010100101111010
011010101000011000
011010101010110101
011010101101010001
011010101111101100
011010110010000110
011010110100011110
011010110110110110
011010111001001101
011010111011100011
011010111101111000
011011000000001100
011011000010011111
011011000100110001
011011000111000010
011011001001010010
011011001011100001
011011001101101111
011011001111111100
011011010010001000
011011010100010100
011011010110011110
011011011000101000
011011011010110000
011011011100111000
011011011110111111
011011100001000101
011011100011001010
011011100101001110
011011100111010001
011011101001010011
011011101011010101
011011101101010101
011011101111010101
011011110001010100
011011110011010010
011011110101001111
011011110111001011
011011111001000110
011011111011000001
011011111100111011
011011111110110100
011100000000101100
011100000010100011
011100000100011010
011100000110001111
011100001000000100
011100001001111000
011100001011101011
011100001101011110
011100001111010000
011100010001000000
011100010010110001
011100010100100000
011100010110001111
011100010111111100
011100011001101001
011100011011010110
011100011101000001
011100011110101100
011100100000010110
011100100010000000
011100100011101000
011100100101010000
011100100110110111
011100101000011110
011100101010000011
011100101011101001
011100101101001101
011100101110110000
011100110000010011
011100110001110110
011100110011010111
011100110100111000
011100110110011000
011100110111111000
011100111001010111
011100111010110101
011100111100010010
011100111101101111
011100111111001011
011101000000100111
011101000010000010
011101000011011100
011101000100110110
011101000110001111
011101000111100111
011101001000111111
011101001010010110
011101001011101100
011101001101000010
011101001110010111
011101001111101100
011101010001000000
011101010010010100
011101010011100110
011101010100111001
011101010110001010
011101010111011100
011101011000101100
011101011001111100
011101011011001011
011101011100011010
011101011101101000
011101011110110110
011101100000000011
011101100001010000
011101100010011100
011101100011100111
011101100100110010
011101100101111101
011101100111000110
011101101000010000
011101101001011001
011101101010100001
011101101011101001
011101101100110000
011101101101110111
011101101110111101
011101110000000010
011101110001001000
011101110010001100
011101110011010001
011101110100010100
011101110101010111
011101110110011010
011101110111011100
011101111000011110
011101111001011111
011101111010100000
011101111011100001
011101111100100000
011101111101100000
011101111110011111
011101111111011101
011110000000011011
011110000001011001
011110000010010110
011110000011010011
011110000100001111
011110000101001011
011110000110000110
011110000111000001
011110000111111011
011110001000110110
011110001001101111
011110001010101000
011110001011100001
011110001100011010
011110001101010001
011110001110001001
011110001111000000
011110001111110111
011110010000101101
011110010001100011
011110010010011001
011110010011001110
011110010100000011
011110010100110111
011110010101101011
011110010110011111
011110010111010010
011110011000000101
011110011000110111
011110011001101001
011110011010011011
011110011011001100
011110011011111101
011110011100101110
011110011101011110
011110011110001110
011110011110111101
011110011111101101
011110100000011011
011110100001001010
011110100001111000
011110100010100110
011110100011010011
011110100100000001
011110100100101101
011110100101011010
011110100110000110
011110100110110010
011110100111011101
011110101000001000
011110101000110011
011110101001011110
011110101010001000
011110101010110010
011110101011011011
011110101100000101
011110101100101101
011110101101010110
011110101101111110
011110101110100111
011110101111001110
011110101111110110
011110110000011101
011110110001000100
011110110001101010
011110110010010001
011110110010110111
011110110011011100
011110110100000010
011110110100100111
011110110101001100
011110110101110000
011110110110010101
011110110110111001
011110110111011100
011110111000000000
011110111000100011
011110111001000110
011110111001101001
011110111010001011
011110111010101101
011110111011001111
011110111011110001
011110111100010010
011110111100110100
011110111101010100
011110111101110101
011110111110010110
011110111110110110
011110111111010110
011110111111110101
011111000000010101
011111000000110100
011111000001010011
011111000001110010
011111000010010000
011111000010101111
011111000011001101
011111000011101010
011111000100001000
011111000100100101
011111000101000011
011111000101100000
011111000101111100
011111000110011001
011111000110110101
011111000111010001
011111000111101101
011111001000001001
011111001000100100
011111001000111111
011111001001011010
011111001001110101
011111001010010000
011111001010101010
011111001011000100
011111001011011110
011111001011111000
011111001100010010
011111001100101011
011111001101000101
011111001101011110
011111001101110111
011111001110001111
011111001110101000
011111001111000000
011111001111011000
011111001111110000
011111010000001000
011111010000011111
011111010000110111
011111010001001110
011111010001100101
011111010001111100
011111010010010010
011111010010101001
011111010010111111
011111010011010110
011111010011101100
011111010100000001
011111010100010111
011111010100101101
011111010101000010
011111010101010111
011111010101101100
011111010110000001
011111010110010110
011111010110101010
011111010110111111
011111010111010011
011111010111100111
011111010111111011
011111011000001110
011111011000100010
011111011000110110
011111011001001001
011111011001011100
011111011001101111
011111011010000010
011111011010010101
011111011010100111
011111011010111010
011111011011001100
011111011011011110
011111011011110000
011111011100000010
011111011100010100
011111011100100101
011111011100110111
011111011101001000
011111011101011010
011111011101101011
011111011101111100
011111011110001100
011111011110011101
011111011110101110
011111011110111110
011111011111001110
011111011111011111
011111011111101111
011111011111111111
011111100000001110
011111100000011110
011111100000101110
011111100000111101
011111100001001101
011111100001011100
011111100001101011
011111100001111010
011111100010001001
011111100010010111
011111100010100110
011111100010110101
011111100011000011
011111100011010001
011111100011100000
011111100011101110
011111100011111100
011111100100001010
011111100100010111
011111100100100101
011111100100110011
011111100101000000
011111100101001101
011111100101011011
011111100101101000
011111100101110101
011111100110000010
011111100110001111
011111100110011011
011111100110101000
011111100110110101
011111100111000001
011111100111001101
011111100111011010
011111100111100110
011111100111110010
011111100111111110
011111101000001010
011111101000010110
011111101000100001
011111101000101101
011111101000111001
011111101001000100
011111101001001111
011111101001011011
011111101001100110
011111101001110001
011111101001111100
011111101010000111
011111101010010010
011111101010011100
011111101010100111
011111101010110010
011111101010111100
011111101011000111
011111101011010001
011111101011011011
011111101011100101
011111101011110000
011111101011111010
011111101100000100
011111101100001101
011111101100010111
011111101100100001
011111101100101011
011111101100110100
011111101100111110
011111101101000111
011111101101010000
011111101101011010
011111101101100011
011111101101101100
011111101101110101
011111101101111110
011111101110000111
011111101110010000
011111101110011001
011111101110100010
011111101110101010
011111101110110011
011111101110111011
011111101111000100
011111101111001100
011111101111010101
011111101111011101
011111101111100101
011111101111101101
011111101111110101
011111101111111101
011111110000000101
011111110000001101
011111110000010101
011111110000011101
011111110000100100
011111110000101100
011111110000110100
011111110000111011
011111110001000011
011111110001001010
011111110001010001
011111110001011001
011111110001100000
011111110001100111
011111110001101110
011111110001110101
011111110001111100
011111110010000011
011111110010001010
011111110010010001
011111110010011000
011111110010011111
011111110010100101
011111110010101100
011111110010110011
011111110010111001
011111110011000000
011111110011000110
011111110011001101
011111110011010011
011111110011011001
011111110011100000
011111110011100110
011111110011101100
011111110011110010
011111110011111000
011111110011111110
011111110100000100
011111110100001010
011111110100010000
011111110100010110
011111110100011100
011111110100100001
011111110100100111
011111110100101101
011111110100110010
011111110100111000
011111110100111101
011111110101000011
011111110101001000
011111110101001110
011111110101010011
011111110101011000
011111110101011110
011111110101100011
011111110101101000
011111110101101101
011111110101110010
011111110101110111
011111110101111100
011111110110000001
011111110110000110
011111110110001011
011111110110010000
011111110110010101
011111110110011010
011111110110011110
011111110110100011
011111110110101000
011111110110101101
011111110110110001
011111110110110110
011111110110111010
011111110110111111
011111110111000011
011111110111001000
011111110111001100
011111110111010001
011111110111010101
011111110111011001
011111110111011101
011111110111100010
011111110111100110
011111110111101010
011111110111101110
011111110111110010
011111110111110110
011111110111111010
011111110111111110
011111111000000010
011111111000000110
011111111000001010
011111111000001110
011111111000010010
011111111000010110
011111111000011010
011111111000011110
011111111000100001
011111111000100101
011111111000101001
011111111000101100
011111111000110000
011111111000110100
011111111000110111
011111111000111011
011111111000111110
011111111001000010
011111111001000101
011111111001001001
011111111001001100
011111111001001111
011111111001010011
011111111001010110
011111111001011001
011111111001011101
011111111001100000
011111111001100011
011111111001100110
011111111001101010
011111111001101101
011111111001110000
011111111001110011
011111111001110110
011111111001111001
011111111001111100
011111111001111111
011111111010000010
011111111010000101
011111111010001000
011111111010001011
011111111010001110
011111111010010001
011111111010010100
011111111010010110
011111111010011001
011111111010011100
011111111010011111
011111111010100001
011111111010100100
011111111010100111
011111111010101010
011111111010101100
011111111010101111
011111111010110001
011111111010110100
011111111010110111
011111111010111001
011111111010111100
011111111010111110
011111111011000001
011111111011000011
011111111011000110
011111111011001000
011111111011001011
011111111011001101
011111111011001111
011111111011010010
011111111011010100
011111111011010110
011111111011011001
011111111011011011
011111111011011101
011111111011011111
011111111011100010
011111111011100100
011111111011100110
011111111011101000
011111111011101010
011111111011101101
011111111011101111
011111111011110001
011111111011110011
011111111011110101
011111111011110111
011111111011111001
011111111011111011
011111111011111101
011111111011111111
011111111100000001
011111111100000011
011111111100000101
011111111100000111
011111111100001001
011111111100001011
011111111100001101
011111111100001111
011111111100010001
011111111100010011
011111111100010100
011111111100010110
011111111100011000
011111111100011010
011111111100011100
011111111100011101
011111111100011111
011111111100100001
011111111100100011
011111111100100100
011111111100100110
011111111100101000
011111111100101001
011111111100101011
011111111100101101
011111111100101110
011111111100110000
011111111100110010
011111111100110011
011111111100110101
011111111100110110
011111111100111000
011111111100111001
011111111100111011
011111111100111101
011111111100111110
011111111101000000
011111111101000001
011111111101000011
011111111101000100
011111111101000101
011111111101000111
011111111101001000
011111111101001010
011111111101001011
011111111101001101
011111111101001110
011111111101001111
011111111101010001
011111111101010010
011111111101010011
011111111101010101
011111111101010110
011111111101010111
011111111101011001
011111111101011010
011111111101011011
011111111101011101
011111111101011110
011111111101011111
011111111101100000
011111111101100010
011111111101100011
011111111101100100
011111111101100101
011111111101100110
011111111101101000
011111111101101001
011111111101101010
011111111101101011
011111111101101100
011111111101101101
011111111101101111
011111111101110000
011111111101110001
011111111101110010
011111111101110011
011111111101110100
011111111101110101
011111111101110110
011111111101110111
011111111101111000
011111111101111001
011111111101111011
011111111101111100
011111111101111101
011111111101111110
011111111101111111
011111111110000000
011111111110000001
011111111110000010
011111111110000011
011111111110000100
011111111110000101
011111111110000101
011111111110000110
011111111110000111
011111111110001000
011111111110001001
011111111110001010
011111111110001011
011111111110001100
011111111110001101
011111111110001110
011111111110001111
011111111110010000
011111111110010000
011111111110010001
011111111110010010
011111111110010011
011111111110010100
011111111110010101
011111111110010101
011111111110010110
011111111110010111
011111111110011000
011111111110011001
011111111110011010
011111111110011010
011111111110011011
011111111110011100
011111111110011101
011111111110011101
011111111110011110
011111111110011111
011111111110100000
011111111110100000
011111111110100001
011111111110100010
011111111110100011
011111111110100011
011111111110100100
011111111110100101
011111111110100110
011111111110100110
011111111110100111
