-3.735018521547317505e-02
2.735589742660522461e-01
-1.237891465425491333e-01
-6.445700675249099731e-02
5.452875792980194092e-02
1.167177036404609680e-01
1.364081650972366333e-01
7.482525706291198730e-02
4.674031585454940796e-02
-2.014616131782531738e-01
-9.910125285387039185e-02
1.510441452264785767e-01
-1.022170409560203552e-01
-1.461549550294876099e-01
-8.641516417264938354e-02
1.661351025104522705e-01
-8.362953364849090576e-02
-5.756539851427078247e-02
-3.229188174009323120e-02
-2.838857471942901611e-02
1.260243058204650879e-01
-3.706433624029159546e-02
1.933633387088775635e-01
2.124214917421340942e-02
4.985624849796295166e-01
1.584116555750370026e-02
-8.296407759189605713e-02
1.105678826570510864e-01
1.173810102045536041e-02
-1.084374636411666870e-01
2.743925750255584717e-01
9.199801832437515259e-02
2.741995751857757568e-01
2.706372737884521484e-01
-2.482893764972686768e-01
7.818280160427093506e-02
-5.749030504375696182e-03
1.085049435496330261e-01
1.359145343303680420e-01
-1.208862885832786560e-01
-5.666546896100044250e-02
9.311636537313461304e-02
5.477767437696456909e-02
2.958520688116550446e-02
-3.120917677879333496e-01
-8.465463668107986450e-02
-1.677583605051040649e-01
1.476215720176696777e-01
-2.361853271722793579e-01
6.535740196704864502e-02
-1.285302639007568359e-01
-1.380228102207183838e-01
-1.515688747167587280e-01
7.979883998632431030e-02
1.814160197973251343e-01
-5.403911322355270386e-02
-1.005293335765600204e-02
6.611225008964538574e-02
5.053366720676422119e-02
2.686084061861038208e-02
3.283466026186943054e-02
1.555831432342529297e-01
-2.863388657569885254e-01
-8.769102394580841064e-02
