-3.925671428442001343e-02
2.642877772450447083e-02
7.637555152177810669e-02
7.581856846809387207e-02
-7.996695488691329956e-02
2.483977749943733215e-02
-2.024530805647373199e-02
-1.526067852973937988e-01
6.902866065502166748e-02
-8.206737227737903595e-03
-6.478435546159744263e-02
1.031250879168510437e-02
1.516318172216415405e-01
2.165612876415252686e-01
-9.757619351148605347e-03
-4.338673129677772522e-02
-2.387701347470283508e-02
-6.445640325546264648e-02
3.025103174149990082e-02
-1.536294352263212204e-02
