-2.813874371349811554e-02
2.681143581867218018e-02
6.968405097723007202e-02
6.701987981796264648e-02
-7.708793878555297852e-02
4.442440718412399292e-02
-2.286647818982601166e-02
-1.344024986028671265e-01
7.293463498353958130e-02
-2.845719791366718709e-05
-6.888530403375625610e-02
4.097466543316841125e-02
2.420969009399414062e-01
2.128930985927581787e-01
-1.688671112060546875e-02
-3.828430175781250000e-02
-3.612096980214118958e-02
-4.529015719890594482e-02
1.600633934140205383e-02
-2.933526411652565002e-02
