1.454771608114242554e-01
-3.604002594947814941e-01
-1.704859137535095215e-01
-1.268697232007980347e-01
-4.881826229393482208e-03
5.883048847317695618e-02
1.589841395616531372e-01
-5.642430484294891357e-02
-1.018496081233024597e-01
2.817416563630104065e-02
-1.288615614175796509e-01
-1.817863062024116516e-02
-1.703310012817382812e-02
2.725579030811786652e-02
-1.911287903785705566e-01
1.044347360730171204e-01
-1.228483542799949646e-01
-4.540121927857398987e-02
-1.752142906188964844e-01
9.907386451959609985e-02
-2.690302729606628418e-01
2.928987145423889160e-01
1.745271086692810059e-01
5.522983670234680176e-01
1.453556399792432785e-02
2.957820892333984375e-01
-3.193600103259086609e-02
9.663981944322586060e-02
-7.445378899574279785e-01
-2.290443032979965210e-01
1.172517463564872742e-01
-4.270207881927490234e-01
3.457307815551757812e-01
3.986811637878417969e-01
1.321346014738082886e-01
4.147101938724517822e-02
2.687097899615764618e-02
-2.591249160468578339e-02
5.612436681985855103e-02
-1.706762425601482391e-02
3.065870888531208038e-02
9.205820970237255096e-03
1.520766913890838623e-01
-2.295196950435638428e-01
3.103018552064895630e-02
-8.211850374937057495e-02
-2.538062259554862976e-02
-2.044205665588378906e-01
1.140346527099609375e-01
2.929891645908355713e-01
1.608634740114212036e-01
1.096129864454269409e-01
-1.213619709014892578e-01
-2.293009161949157715e-01
-2.732284367084503174e-02
-3.362257480621337891e-01
-1.280364952981472015e-02
1.277779191732406616e-01
1.741278544068336487e-02
-8.060289174318313599e-02
-3.867182731628417969e-01
8.250411599874496460e-02
1.471054404973983765e-01
4.151576459407806396e-01
6.451696902513504028e-02
-1.378414034843444824e-01
9.503515064716339111e-02
-4.633878543972969055e-02
1.196476742625236511e-01
-1.389866024255752563e-01
2.885087579488754272e-02
3.228633105754852295e-01
2.378441244363784790e-01
3.133649006485939026e-02
3.681067824363708496e-01
8.443361520767211914e-02
-2.738901786506175995e-02
2.504796981811523438e-01
-2.698154747486114502e-01
-9.698341786861419678e-02
1.995077878236770630e-01
-3.867162764072418213e-02
2.366449125111103058e-02
-9.458152949810028076e-02
3.282273709774017334e-01
3.675065934658050537e-01
8.669521776027977467e-04
2.805396169424057007e-02
5.566766858100891113e-02
2.218734659254550934e-02
-2.176657170057296753e-01
-2.937871962785720825e-02
2.087151408195495605e-01
-1.336056888103485107e-01
-1.846710294485092163e-01
-3.379323333501815796e-02
-2.194315046072006226e-01
-3.540217876434326172e-02
-1.168246865272521973e-01
-4.132359102368354797e-02
-1.143222302198410034e-01
4.600696861743927002e-01
-2.826752960681915283e-01
1.815581023693084717e-01
4.538686275482177734e-01
3.259198069572448730e-01
-2.335296869277954102e-01
5.916785821318626404e-02
1.734819412231445312e-01
-3.598556518554687500e-01
-6.579167842864990234e-01
3.363283276557922363e-01
-1.975268125534057617e-01
3.493037819862365723e-02
4.238525405526161194e-02
6.862732023000717163e-02
-3.315312564373016357e-01
-5.938949063420295715e-02
-4.946063086390495300e-02
-4.064202010631561279e-01
-3.418138921260833740e-01
3.448152244091033936e-01
-1.555905342102050781e-01
2.712560296058654785e-01
-4.698809981346130371e-02
-2.127667814493179321e-01
1.742575019598007202e-01
9.391317144036293030e-03
4.590314328670501709e-01
2.596764266490936279e-01
1.435879617929458618e-01
1.012451052665710449e-01
2.355250269174575806e-01
3.870501648634672165e-03
1.833474636077880859e-01
2.269947081804275513e-01
-1.751938909292221069e-01
1.516170650720596313e-01
3.910966217517852783e-01
3.332869708538055420e-02
-4.833340644836425781e-01
2.897537080571055412e-03
-2.380059286952018738e-02
1.030596345663070679e-01
7.445897907018661499e-02
1.209925562143325806e-01
-6.171784177422523499e-02
3.262625336647033691e-01
-2.042912244796752930e-01
-1.719707846641540527e-01
4.645486548542976379e-02
-9.655715823173522949e-01
-3.882762789726257324e-01
-3.613888323307037354e-01
2.500956952571868896e-01
3.083584643900394440e-02
-4.056921899318695068e-01
1.385676413774490356e-01
-1.641032099723815918e-01
-6.072600185871124268e-02
-2.585567126516252756e-04
2.870249748229980469e-01
-1.156635209918022156e-01
3.389030322432518005e-02
1.473129093647003174e-01
-2.560182288289070129e-02
-2.430021762847900391e-01
-7.475380599498748779e-02
2.491423487663269043e-01
-1.691823899745941162e-01
-6.616348028182983398e-02
-2.463299483060836792e-01
-2.118248939514160156e-01
1.502934098243713379e-01
-1.105792727321386337e-02
-4.411487579345703125e-01
-6.938750389963388443e-03
-1.369727551937103271e-01
-1.004607183858752251e-03
8.939497917890548706e-02
2.333518117666244507e-01
-2.545878291130065918e-01
4.329355359077453613e-01
-5.631549954414367676e-01
9.209846705198287964e-02
-1.451919078826904297e-01
3.241850435733795166e-01
-3.802469372749328613e-01
-8.509972691535949707e-01
5.974492430686950684e-01
3.800870478153228760e-01
-2.127698063850402832e-01
3.053341805934906006e-01
-4.903487563133239746e-01
2.172566764056682587e-02
1.715120971202850342e-01
5.910214781761169434e-01
-2.760837599635124207e-02
2.737035453319549561e-01
1.540608555078506470e-01
-1.345133185386657715e-01
-1.186848580837249756e-01
3.251651301980018616e-02
2.316028326749801636e-01
-1.912435889244079590e-02
4.843822866678237915e-02
2.614794075489044189e-01
1.135904714465141296e-01
-4.405580461025238037e-02
9.077078104019165039e-02
2.837150096893310547e-01
9.448285400867462158e-02
4.208905994892120361e-01
-1.874900609254837036e-01
-1.214156746864318848e-01
4.121353849768638611e-02
5.795032531023025513e-02
-2.707224786281585693e-01
-3.813090920448303223e-02
1.343522071838378906e-01
1.823707371950149536e-01
1.190703436732292175e-01
2.868341505527496338e-01
1.567935645580291748e-01
5.695346370339393616e-02
-5.537054687738418579e-02
1.426026504486799240e-02
4.309142380952835083e-02
1.432161480188369751e-01
9.114026091992855072e-03
-5.327485129237174988e-02
3.017803132534027100e-01
-5.533678829669952393e-02
-5.107587203383445740e-02
-1.774936169385910034e-01
5.694606155157089233e-02
6.830778717994689941e-02
3.994688391685485840e-01
1.195741668343544006e-01
9.191045910120010376e-02
-1.324835568666458130e-01
2.344721406698226929e-01
5.167257189750671387e-01
-7.223760336637496948e-02
-2.122087478637695312e-01
1.047855615615844727e-01
8.859267830848693848e-02
-4.685114026069641113e-01
4.385721981525421143e-01
-8.332421630620956421e-02
3.797722235321998596e-02
1.036114931106567383e+00
7.211053371429443359e-01
2.481438666582107544e-01
-1.292285323143005371e-01
4.398999214172363281e-01
1.937122642993927002e-01
-1.821376532316207886e-01
6.293898820877075195e-01
2.052827924489974976e-01
-7.965599745512008667e-02
9.926024079322814941e-02
1.212141439318656921e-01
7.353844493627548218e-02
3.445102572441101074e-01
3.967669606208801270e-02
7.034585624933242798e-02
-5.470927432179450989e-02
5.952168107032775879e-01
1.129586100578308105e-01
-1.880135387182235718e-01
1.919851601123809814e-01
-4.284704104065895081e-02
9.144660830497741699e-01
4.147884547710418701e-01
3.838916867971420288e-02
2.289522886276245117e-01
3.346256911754608154e-01
6.078405976295471191e-01
2.080536484718322754e-01
-2.854233086109161377e-01
3.516749143600463867e-01
-3.230925202369689941e-01
-2.611317113041877747e-02
-1.342383772134780884e-01
1.188305672258138657e-02
-1.494803875684738159e-01
4.993647933006286621e-01
-4.151352345943450928e-01
-6.684527266770601273e-03
1.442835927009582520e-01
-4.812355339527130127e-01
1.035177558660507202e-01
-1.852957159280776978e-01
5.146149396896362305e-01
2.233526259660720825e-01
-1.729606837034225464e-01
8.943654596805572510e-02
7.643245905637741089e-02
-1.605056039988994598e-02
3.145928680896759033e-02
3.040723204612731934e-01
-1.685079634189605713e-01
5.723800659179687500e-01
4.732417166233062744e-01
2.357786893844604492e-01
-1.767654567956924438e-01
5.512770414352416992e-01
-4.540817737579345703e-01
1.361671239137649536e-01
1.373417489230632782e-02
4.593151509761810303e-01
-2.999278306961059570e-01
-4.693166613578796387e-01
1.849654018878936768e-01
9.096356034278869629e-01
-1.174234598875045776e-01
3.677480816841125488e-01
-7.333437204360961914e-01
-1.482038348913192749e-01
2.114970386028289795e-01
1.734023727476596832e-02
3.051289618015289307e-01
-1.960510015487670898e-02
-1.810427457094192505e-01
1.485417634248733521e-01
2.192456126213073730e-01
-4.553588852286338806e-02
-1.550905704498291016e-01
4.332849085330963135e-01
4.160967171192169189e-01
-1.005482673645019531e-01
2.113384902477264404e-01
-2.800092995166778564e-01
1.333436518907546997e-01
-6.307042390108108521e-02
-1.492451280355453491e-01
-2.244298309087753296e-01
2.938644587993621826e-01
9.099341928958892822e-02
-1.012303307652473450e-01
1.466533839702606201e-01
-1.186443790793418884e-01
2.570731341838836670e-01
-3.991363942623138428e-01
9.252312034368515015e-02
2.251528203487396240e-02
3.742193579673767090e-01
-4.130541086196899414e-01
1.920863240957260132e-01
1.422033309936523438e-01
-4.081580787897109985e-02
-4.108592122793197632e-02
-2.947134375572204590e-01
3.697510063648223877e-01
5.284396409988403320e-01
2.859655767679214478e-02
3.667500913143157959e-01
2.885607481002807617e-01
-2.903290092945098877e-01
-7.681540679186582565e-03
1.944073885679244995e-01
-4.474977031350135803e-02
3.009263873100280762e-01
6.233922019600868225e-02
1.296872347593307495e-01
-2.276240289211273193e-02
-1.940986514091491699e-01
-1.469837725162506104e-01
1.612688899040222168e-01
-1.305291950702667236e-01
1.145383492112159729e-01
1.534285694360733032e-01
1.500497460365295410e-01
6.896256934851408005e-03
-1.560438126325607300e-01
2.412073127925395966e-02
1.379824429750442505e-01
-1.433113068342208862e-01
7.184523344039916992e-02
-3.551037982106208801e-02
-1.095171868801116943e-01
1.576888374984264374e-02
3.773859143257141113e-02
-1.758684068918228149e-01
-1.533447355031967163e-01
6.587746087461709976e-03
-1.738117784261703491e-01
1.935102492570877075e-01
2.386173307895660400e-01
2.432025969028472900e-02
1.420515030622482300e-01
3.260709941387176514e-01
-7.638373225927352905e-02
-2.997162565588951111e-02
-1.460256874561309814e-01
2.160357236862182617e-01
-2.166899591684341431e-01
3.757880330085754395e-01
3.763883560895919800e-02
