-1.240048035979270935e-01
-1.146027818322181702e-01
9.024645388126373291e-02
7.825698703527450562e-02
2.120118290185928345e-01
-3.981748968362808228e-02
-1.204202473163604736e-01
1.444780528545379639e-01
3.705055117607116699e-01
1.214818507432937622e-01
8.407911658287048340e-01
7.465837001800537109e-01
1.518686264753341675e-01
5.328176021575927734e-01
-3.716874122619628906e-01
1.705673187971115112e-01
-2.562175989151000977e-01
-1.278245896100997925e-01
5.735047459602355957e-01
-1.162052378058433533e-01
