5.628721714019775391e-01
-1.152874350547790527e+00
4.656846225261688232e-01
-3.295839726924896240e-01
4.364092648029327393e-01
-9.388327598571777344e-02
1.210647597908973694e-01
6.348676085472106934e-01
1.029756546020507812e+00
1.884576082229614258e-01
4.511388242244720459e-01
4.418253004550933838e-01
-6.081509590148925781e-01
-1.137386798858642578e+00
-8.254498243331909180e-01
1.732319444417953491e-01
2.454866915941238403e-01
-6.785580515861511230e-01
4.380528330802917480e-01
1.067141443490982056e-01
