000000000000000000
000000011111111111
000000111111111111
000001011111111110
000001111111111101
000010011111111010
000010111111110111
000011011111110001
000011111111101010
000100011111100001
000100111111010110
000101011111001000
000101111110111000
000110011110100100
000110111110001110
000111011101110100
000111111101010110
001000011100110100
001000111100001110
001001011011100100
001001111010110101
001010011010000010
001010111001001001
001011011000001011
001011110111000111
001100010101111110
001100110100101111
001101010011011010
001101110001111110
001110010000011100
001110101110110011
001111001101000011
001111101011001011
010000001001001101
010000100111000111
010001000100111001
010001100010100011
010010000000000101
010010011101011111
010010111010110000
010011010111111001
010011110100111001
010100010001110000
010100101110011110
010101001011000010
010101100111011101
010110000011101111
010110011111110111
010110111011110101
010111010111101001
010111110011010011
011000001110110010
011000101010000111
011001000101010010
011001100000010010
011001111011001000
011010010101110010
011010110000010010
011011001010100110
011011100100110000
011011111110101110
011100011000100001
011100110010001000
011101001011100100
011101100100110101
011101111101111010
011110010110110011
011110101111100000
011111001000000010
011111100000010111
011111111000100001
100000010000011111
100000101000010000
100000111111110110
100001010111010000
100001101110011101
100010000101011110
100010011100010011
100010110010111100
100011001001011000
100011011111101000
100011110101101100
100100001011100100
100100100001001111
100100110110101110
100101001100000001
100101100001000111
100101110110000001
100110001010101111
100110011111010001
100110110011100110
100111000111101111
100111011011101011
100111101111011100
101000000011000000
101000010110011000
101000101001100100
101000111100100100
101001001111010111
101001100001111111
101001110100011011
101010000110101010
101010011000101110
101010101010100110
101010111100010001
101011001101110010
101011011111000110
101011110000001111
101100000001001100
101100010001111101
101100100010100011
101100110010111101
101101000011001100
101101010011010000
101101100011001000
101101110010110101
101110000010010111
101110010001101110
101110100000111001
101110101111111010
101110111110110000
101111001101011011
101111011011111011
101111101010010001
101111111000011100
110000000110011100
110000010100010010
110000100001111110
110000101111011111
110000111100110110
110001001010000011
110001010111000101
110001100011111110
110001110000101101
110001111101010010
110010001001101101
110010010101111111
110010100010000111
110010101110000101
110010111001111010
110011000101100110
110011010001001000
110011011100100010
110011100111110010
110011110010111001
110011111101110111
110100001000101100
110100010011011001
110100011101111101
110100101000011000
110100110010101011
110100111100110101
110101000110110111
110101010000110001
110101011010100010
110101100100001100
110101101101101101
110101110111000110
110110000000011000
110110001001100010
110110010010100100
110110011011011110
110110100100010001
110110101100111101
110110110101100001
110110111101111110
110111000110010100
110111001110100010
110111010110101010
110111011110101010
110111100110100100
110111101110010110
110111110110000010
110111111101101000
111000000101000111
111000001100011111
111000010011110001
111000011010111100
111000100010000001
111000101001000000
111000101111111001
111000110110101100
111000111101011001
111001000100000000
111001001010100001
111001010000111100
111001010111010010
111001011101100001
111001100011101100
111001101001110001
111001101111110000
111001110101101010
111001111011011111
111010000001001110
111010000110111000
111010001100011110
111010010001111110
111010010111011001
111010011100101111
111010100010000001
111010100111001101
111010101100010101
111010110001011001
111010110110010111
111010111011010001
111011000000000111
111011000100111000
111011001001100101
111011001110001101
111011010010110010
111011010111010010
111011011011101110
111011100000000101
111011100100011001
111011101000101001
111011101100110101
111011110000111101
111011110101000001
111011111001000001
111011111100111110
111100000000110111
111100000100101101
111100001000011110
111100001100001101
111100001111110111
111100010011011111
111100010111000011
111100011010100011
111100011110000001
111100100001011011
111100100100110010
111100101000000110
111100101011010110
111100101110100100
111100110001101111
111100110100110110
111100110111111011
111100111010111101
111100111101111011
111101000000110111
111101000011110001
111101000110100111
111101001001011011
111101001100001100
111101001110111011
111101010001100111
111101010100010000
111101010110110111
111101011001011011
111101011011111101
111101011110011101
111101100000111010
111101100011010101
111101100101101110
111101101000000100
111101101010011000
111101101100101010
111101101110111001
111101110001000111
111101110011010010
111101110101011011
111101110111100010
111101111001101000
111101111011101011
111101111101101100
111101111111101011
111110000001101001
111110000011100100
111110000101011110
111110000111010101
111110001001001011
111110001011000000
111110001100110010
111110001110100011
111110010000010010
111110010001111111
111110010011101011
111110010101010101
111110010110111101
111110011000100100
111110011010001010
111110011011101110
111110011101010000
111110011110110001
111110100000010000
111110100001101110
111110100011001010
111110100100100101
111110100101111111
111110100111011000
111110101000101111
111110101010000100
111110101011011001
111110101100101100
111110101101111110
111110101111001110
111110110000011101
111110110001101100
111110110010111001
111110110100000100
111110110101001111
111110110110011001
111110110111100001
111110111000101000
111110111001101110
111110111010110100
111110111011111000
111110111100111011
111110111101111101
111110111110111110
111110111111111110
111111000000111101
111111000001111011
111111000010111000
111111000011110100
111111000100101111
111111000101101010
111111000110100011
111111000111011100
111111001000010100
111111001001001011
111111001010000001
111111001010110110
111111001011101010
111111001100011110
111111001101010001
111111001110000011
111111001110110100
111111001111100100
111111010000010100
111111010001000011
111111010001110010
111111010010011111
111111010011001100
111111010011111000
111111010100100100
111111010101001111
111111010101111001
111111010110100010
111111010111001011
111111010111110100
111111011000011011
111111011001000010
111111011001101001
111111011010001111
111111011010110100
111111011011011001
111111011011111101
111111011100100001
111111011101000100
111111011101100110
111111011110001000
111111011110101010
111111011111001011
111111011111101011
111111100000001011
111111100000101010
111111100001001001
111111100001101000
111111100010000110
111111100010100011
111111100011000001
111111100011011101
111111100011111001
111111100100010101
111111100100110001
111111100101001011
111111100101100110
111111100110000000
111111100110011010
111111100110110011
111111100111001100
111111100111100101
111111100111111101
111111101000010101
111111101000101100
111111101001000011
111111101001011010
111111101001110000
111111101010000110
111111101010011100
111111101010110001
111111101011000110
111111101011011011
111111101011101111
111111101100000011
111111101100010111
111111101100101010
111111101100111101
111111101101010000
111111101101100011
111111101101110101
111111101110000111
111111101110011001
111111101110101010
111111101110111011
111111101111001100
111111101111011101
111111101111101101
111111101111111101
111111110000001101
111111110000011101
111111110000101100
111111110000111100
111111110001001010
111111110001011001
111111110001101000
111111110001110110
111111110010000100
111111110010010010
111111110010011111
111111110010101101
111111110010111010
111111110011000111
111111110011010100
111111110011100000
111111110011101100
111111110011111001
111111110100000101
111111110100010000
111111110100011100
111111110100101000
111111110100110011
111111110100111110
111111110101001001
111111110101010100
111111110101011110
111111110101101001
111111110101110011
111111110101111101
111111110110000111
111111110110010001
111111110110011010
111111110110100100
111111110110101101
111111110110110110
111111110110111111
111111110111001000
111111110111010001
111111110111011010
111111110111100010
111111110111101011
111111110111110011
111111110111111011
111111111000000011
111111111000001011
111111111000010011
111111111000011010
111111111000100010
111111111000101001
111111111000110001
111111111000111000
111111111000111111
111111111001000110
111111111001001101
111111111001010011
111111111001011010
111111111001100000
111111111001100111
111111111001101101
111111111001110011
111111111001111010
111111111010000000
111111111010000110
111111111010001011
111111111010010001
111111111010010111
111111111010011100
111111111010100010
111111111010100111
111111111010101101
111111111010110010
111111111010110111
111111111010111100
111111111011000001
111111111011000110
111111111011001011
111111111011010000
111111111011010100
111111111011011001
111111111011011110
111111111011100010
111111111011100111
111111111011101011
111111111011101111
111111111011110011
111111111011111000
111111111011111100
111111111100000000
111111111100000100
111111111100001000
111111111100001011
111111111100001111
111111111100010011
111111111100010111
111111111100011010
111111111100011110
111111111100100001
111111111100100101
111111111100101000
111111111100101011
111111111100101111
111111111100110010
111111111100110101
111111111100111000
111111111100111011
111111111100111110
111111111101000001
111111111101000100
111111111101000111
111111111101001010
111111111101001101
111111111101010000
111111111101010010
111111111101010101
111111111101011000
111111111101011010
111111111101011101
111111111101011111
111111111101100010
111111111101100100
111111111101100111
111111111101101001
111111111101101011
111111111101101110
111111111101110000
111111111101110010
111111111101110100
111111111101110111
111111111101111001
111111111101111011
111111111101111101
111111111101111111
111111111110000001
111111111110000011
111111111110000101
111111111110000111
111111111110001001
111111111110001010
111111111110001100
111111111110001110
111111111110010000
111111111110010001
111111111110010011
111111111110010101
111111111110010110
111111111110011000
111111111110011010
111111111110011011
111111111110011101
111111111110011110
111111111110100000
111111111110100001
111111111110100011
111111111110100100
111111111110100110
111111111110100111
111111111110101000
111111111110101010
111111111110101011
111111111110101100
111111111110101110
111111111110101111
111111111110110000
111111111110110001
111111111110110011
111111111110110100
111111111110110101
111111111110110110
111111111110110111
111111111110111000
111111111110111010
111111111110111011
111111111110111100
111111111110111101
111111111110111110
111111111110111111
111111111111000000
111111111111000001
111111111111000010
111111111111000011
111111111111000100
111111111111000101
111111111111000110
111111111111000110
111111111111000111
111111111111001000
111111111111001001
111111111111001010
111111111111001011
111111111111001100
111111111111001100
111111111111001101
111111111111001110
111111111111001111
111111111111001111
111111111111010000
111111111111010001
111111111111010010
111111111111010010
111111111111010011
111111111111010100
111111111111010100
111111111111010101
111111111111010110
111111111111010110
111111111111010111
111111111111011000
111111111111011000
111111111111011001
111111111111011001
111111111111011010
111111111111011011
111111111111011011
111111111111011100
111111111111011100
111111111111011101
111111111111011101
111111111111011110
111111111111011110
111111111111011111
111111111111011111
111111111111100000
111111111111100000
111111111111100001
111111111111100001
111111111111100010
111111111111100010
111111111111100011
111111111111100011
111111111111100100
111111111111100100
111111111111100101
111111111111100101
111111111111100101
111111111111100110
111111111111100110
111111111111100111
111111111111100111
111111111111100111
111111111111101000
111111111111101000
111111111111101000
111111111111101001
111111111111101001
111111111111101001
111111111111101010
111111111111101010
111111111111101010
111111111111101011
111111111111101011
111111111111101011
111111111111101100
111111111111101100
111111111111101100
111111111111101101
111111111111101101
111111111111101101
111111111111101110
111111111111101110
111111111111101110
111111111111101110
111111111111101111
111111111111101111
111111111111101111
111111111111101111
111111111111110000
111111111111110000
111111111111110000
111111111111110000
111111111111110001
111111111111110001
111111111111110001
111111111111110001
111111111111110010
111111111111110010
111111111111110010
111111111111110010
111111111111110010
111111111111110011
111111111111110011
111111111111110011
111111111111110011
111111111111110011
111111111111110100
111111111111110100
111111111111110100
111111111111110100
111111111111110100
111111111111110100
111111111111110101
111111111111110101
111111111111110101
111111111111110101
111111111111110101
111111111111110101
111111111111110110
111111111111110110
111111111111110110
111111111111110110
111111111111110110
111111111111110110
111111111111110110
111111111111110111
111111111111110111
111111111111110111
111111111111110111
111111111111110111
111111111111110111
111111111111110111
111111111111111000
111111111111111000
111111111111111000
111111111111111000
111111111111111000
111111111111111000
111111111111111000
111111111111111000
111111111111111000
111111111111111001
111111111111111001
111111111111111001
111111111111111001
111111111111111001
111111111111111001
111111111111111001
111111111111111001
111111111111111001
111111111111111001
111111111111111010
111111111111111010
111111111111111010
111111111111111010
111111111111111010
111111111111111010
111111111111111010
111111111111111010
111111111111111010
111111111111111010
111111111111111010
111111111111111011
111111111111111011
111111111111111011
111111111111111011
111111111111111011
111111111111111011
111111111111111011
111111111111111011
111111111111111011
111111111111111011
111111111111111011
111111111111111011
111111111111111011
111111111111111011
111111111111111011
111111111111111100
111111111111111100
111111111111111100
111111111111111100
111111111111111100
111111111111111100
111111111111111100
111111111111111100
111111111111111100
111111111111111100
111111111111111100
111111111111111100
111111111111111100
111111111111111100
111111111111111100
111111111111111100
111111111111111100
111111111111111100
111111111111111101
111111111111111101
111111111111111101
111111111111111101
111111111111111101
111111111111111101
111111111111111101
111111111111111101
111111111111111101
111111111111111101
111111111111111101
111111111111111101
111111111111111101
111111111111111101
111111111111111101
111111111111111101
111111111111111101
111111111111111101
111111111111111101
111111111111111101
111111111111111101
111111111111111101
111111111111111101
111111111111111101
111111111111111101
111111111111111101
111111111111111110
111111111111111110
111111111111111110
111111111111111110
111111111111111110
111111111111111110
111111111111111110
111111111111111110
111111111111111110
111111111111111110
111111111111111110
111111111111111110
111111111111111110
111111111111111110
111111111111111110
111111111111111110
111111111111111110
111111111111111110
111111111111111110
111111111111111110
111111111111111110
111111111111111110
111111111111111110
111111111111111110
111111111111111110
111111111111111110
111111111111111110
111111111111111110
111111111111111110
111111111111111110
111111111111111110
111111111111111110
111111111111111110
111111111111111110
111111111111111110
111111111111111110
111111111111111110
111111111111111110
111111111111111110
111111111111111110
111111111111111110
111111111111111110
111111111111111110
111111111111111110
111111111111111111
111111111111111111
111111111111111111
111111111111111111
111111111111111111
111111111111111111
111111111111111111
111111111111111111
111111111111111111
111111111111111111
111111111111111111
111111111111111111
111111111111111111
111111111111111111
111111111111111111
111111111111111111
111111111111111111
111111111111111111
111111111111111111
111111111111111111
111111111111111111
111111111111111111
111111111111111111
111111111111111111
111111111111111111
111111111111111111
111111111111111111
111111111111111111
111111111111111111
111111111111111111
111111111111111111
111111111111111111
111111111111111111
111111111111111111
111111111111111111
111111111111111111
111111111111111111
111111111111111111
111111111111111111
111111111111111111
111111111111111111
111111111111111111
111111111111111111
111111111111111111
111111111111111111
111111111111111111
111111111111111111
111111111111111111
111111111111111111
111111111111111111
111111111111111111
111111111111111111
111111111111111111
111111111111111111
111111111111111111
111111111111111111
111111111111111111
111111111111111111
111111111111111111
111111111111111111
111111111111111111
111111111111111111
111111111111111111
111111111111111111
111111111111111111
111111111111111111
111111111111111111
111111111111111111
111111111111111111
111111111111111111
111111111111111111
111111111111111111
111111111111111111
111111111111111111
111111111111111111
111111111111111111
111111111111111111
111111111111111111
111111111111111111
111111111111111111
111111111111111111
111111111111111111
111111111111111111
111111111111111111
111111111111111111
111111111111111111
111111111111111111
111111111111111111
111111111111111111
111111111111111111
111111111111111111
111111111111111111
111111111111111111
111111111111111111
111111111111111111
111111111111111111
111111111111111111
111111111111111111
111111111111111111
111111111111111111
111111111111111111
111111111111111111
111111111111111111
111111111111111111
111111111111111111
111111111111111111
111111111111111111
111111111111111111
111111111111111111
111111111111111111
111111111111111111
111111111111111111
111111111111111111
111111111111111111
111111111111111111
111111111111111111
111111111111111111
111111111111111111
111111111111111111
111111111111111111
111111111111111111
111111111111111111
111111111111111111
111111111111111111
111111111111111111
111111111111111111
111111111111111111
111111111111111111
111111111111111111
111111111111111111
111111111111111111
111111111111111111
111111111111111111
111111111111111111
111111111111111111
111111111111111111
111111111111111111
111111111111111111
111111111111111111
111111111111111111
111111111111111111
111111111111111111
111111111111111111
111111111111111111
111111111111111111
111111111111111111
111111111111111111
111111111111111111
111111111111111111
111111111111111111
111111111111111111
111111111111111111
111111111111111111
111111111111111111
111111111111111111
111111111111111111
111111111111111111
111111111111111111
111111111111111111
111111111111111111
111111111111111111
111111111111111111
111111111111111111
111111111111111111
111111111111111111
111111111111111111
111111111111111111
111111111111111111
111111111111111111
111111111111111111
111111111111111111
111111111111111111
111111111111111111
111111111111111111
111111111111111111
111111111111111111
111111111111111111
111111111111111111
111111111111111111
111111111111111111
111111111111111111
