-4.800915345549583435e-02
2.372744306921958923e-02
-6.803102325648069382e-03
-1.020354311913251877e-02
-4.354304168373346329e-03
5.879719927906990051e-02
-1.553758420050144196e-02
-1.778846606612205505e-02
6.303024943917989731e-03
-1.750224269926548004e-02
-1.072343904525041580e-03
-3.429534658789634705e-02
3.039941936731338501e-02
4.687419533729553223e-02
-1.190403383225202560e-02
8.076641708612442017e-03
-6.479181349277496338e-02
1.548266410827636719e-02
-1.277104020118713379e-02
-9.444954805076122284e-03
6.129174027591943741e-03
-3.810433670878410339e-03
1.509639155119657516e-02
-3.889824147336184978e-04
1.890381053090095520e-02
-4.373361356556415558e-03
-3.766800975427031517e-03
6.413752585649490356e-02
-5.748842284083366394e-02
-3.762567648664116859e-03
-3.755604848265647888e-03
1.084899064153432846e-02
-4.378953576087951660e-02
1.173062529414892197e-02
-3.134018555283546448e-02
1.027836743742227554e-02
-4.813221469521522522e-02
1.337195839732885361e-02
1.148859132081270218e-02
-2.790466696023941040e-02
4.144438542425632477e-03
-1.827396452426910400e-02
-2.596689015626907349e-02
4.027036018669605255e-03
1.384393870830535889e-02
8.789464086294174194e-02
3.549938648939132690e-02
-2.944596856832504272e-02
-2.849951572716236115e-02
-1.806246675550937653e-02
3.193038282915949821e-03
-7.773038232699036598e-04
2.554710768163204193e-02
-2.071394398808479309e-02
-3.735883533954620361e-02
2.104916609823703766e-02
4.451184719800949097e-02
2.015384472906589508e-02
-8.824883960187435150e-03
-3.627597913146018982e-02
2.436787821352481842e-02
6.543997675180435181e-03
-1.513247843831777573e-02
-3.226190805435180664e-02
-1.456699967384338379e+00
3.027828177437186241e-03
2.880634367465972900e-01
-7.244229316711425781e-01
8.165623061358928680e-03
-1.799192428588867188e+00
1.745581269264221191e+00
-1.201563403010368347e-01
-6.317212581634521484e-01
1.147075071930885315e-01
1.031240820884704590e+00
-1.825993418693542480e+00
-3.943584442138671875e+00
2.053917884826660156e+00
-1.942567080259323120e-01
-9.820740818977355957e-01
4.096864461898803711e-01
1.404244899749755859e-01
-5.122496485710144043e-01
1.968597650527954102e+00
3.912399113178253174e-01
6.864736676216125488e-01
-2.575065791606903076e-01
-5.478542447090148926e-01
-9.195044636726379395e-01
-3.906379342079162598e-01
-1.622163772583007812e+00
-5.171701312065124512e-01
-5.267400741577148438e-01
4.737637341022491455e-01
5.778587888926267624e-03
1.168821100145578384e-02
4.148569703102111816e-01
-3.604800403118133545e-01
2.953732013702392578e-01
-5.675991252064704895e-02
-5.493888854980468750e-01
-1.546676903963088989e-01
9.899722039699554443e-02
1.428327709436416626e-01
-1.151028722524642944e-01
8.979559689760208130e-02
-5.517510175704956055e-01
-4.982539117336273193e-01
-4.019335657358169556e-02
-2.065390348434448242e-01
9.489938616752624512e-02
8.510351181030273438e-02
8.061113208532333374e-02
-2.687186300754547119e-01
-2.629664540290832520e-01
1.883449852466583252e-01
1.895530521869659424e-01
2.274433709681034088e-02
-3.212145566940307617e-01
1.670504361391067505e-01
1.237355321645736694e-01
-2.532562613487243652e-01
6.805209517478942871e-01
-7.443112879991531372e-02
-5.798408389091491699e-01
-1.667536497116088867e-01
1.274455152451992035e-02
-4.201614558696746826e-01
1.245805323123931885e-01
1.019830226898193359e+00
-2.608364820480346680e-01
-2.335828244686126709e-01
3.316799700260162354e-01
6.114153563976287842e-02
-3.347477018833160400e-01
-1.419101357460021973e-01
1.590066701173782349e-01
-5.299837589263916016e-01
4.204042255878448486e-01
2.345399558544158936e-01
-3.002152442932128906e-01
-2.604787051677703857e-01
4.651885330677032471e-01
-1.816151738166809082e-01
1.554558575153350830e-01
1.069448366761207581e-01
4.006690531969070435e-02
6.040554046630859375e-01
-2.524902820587158203e-01
2.606282532215118408e-01
-1.402298450469970703e+00
2.452026009559631348e-01
3.572775796055793762e-02
1.302120238542556763e-01
-2.792849242687225342e-01
-2.740518152713775635e-01
1.867948323488235474e-01
9.560464322566986084e-02
-1.783536672592163086e-01
6.762411445379257202e-02
3.026227653026580811e-01
-5.462580323219299316e-01
2.496636509895324707e-01
-1.036224484443664551e+00
-5.335069298744201660e-01
5.166814923286437988e-01
4.183920919895172119e-01
-4.629536271095275879e-01
-5.488817095756530762e-01
1.145195737481117249e-01
8.412781357765197754e-01
4.877239763736724854e-01
1.774389594793319702e-01
-2.357966899871826172e-01
7.269636988639831543e-01
-1.983386427164077759e-01
2.801585495471954346e-01
-5.391469597816467285e-01
-2.762955129146575928e-01
-2.500595450401306152e-01
-5.804972648620605469e-01
1.599496044218540192e-02
3.531992733478546143e-01
1.797063052654266357e-01
-4.010545015335083008e-01
-1.399810910224914551e-01
4.508555233478546143e-01
7.242827862501144409e-02
-5.238341689109802246e-01
-5.766445994377136230e-01
4.336023032665252686e-01
-4.685646593570709229e-01
-4.413363989442586899e-03
3.731973767280578613e-01
1.345867216587066650e-01
4.544720947742462158e-01
3.165304362773895264e-01
-6.541144102811813354e-02
2.463165223598480225e-01
6.819204092025756836e-01
3.570902049541473389e-01
-3.360970616340637207e-01
-4.522459805011749268e-01
-4.593590199947357178e-01
2.108581513166427612e-01
-2.375079393386840820e-01
-1.411948919296264648e+00
4.984392523765563965e-01
9.472099691629409790e-02
-1.985586993396282196e-02
6.075226664543151855e-01
-1.157305836677551270e-01
2.569560110569000244e-01
2.355710417032241821e-01
-3.274131938815116882e-02
-2.641389667987823486e-01
-4.159432351589202881e-01
-5.748820304870605469e-02
1.796648949384689331e-01
-3.983059227466583252e-01
-2.016507536172866821e-01
3.027695119380950928e-01
-2.321639657020568848e-01
-3.708798438310623169e-02
3.776645958423614502e-01
-4.522298574447631836e-01
4.154676571488380432e-02
-3.896930813789367676e-01
-4.786600917577743530e-02
-3.773718476295471191e-01
9.042059630155563354e-02
-2.533486671745777130e-02
-4.240797162055969238e-01
2.695333063602447510e-01
-3.035628199577331543e-01
-2.770581245422363281e-01
2.736116647720336914e-01
4.619788751006126404e-02
-5.446885824203491211e-01
3.802371919155120850e-01
-2.716196775436401367e-01
4.640465974807739258e-02
-5.079132914543151855e-01
-1.824214309453964233e-01
-2.625921042636036873e-04
-1.546326428651809692e-01
5.015147477388381958e-02
-4.250574409961700439e-01
2.065784633159637451e-01
3.273490816354751587e-02
-1.017505209892988205e-02
1.217690855264663696e-01
1.820751279592514038e-01
1.215962972491979599e-02
-2.733679413795471191e-01
-3.080908358097076416e-01
9.155732393264770508e-01
2.366584027186036110e-03
-8.751963265240192413e-03
-1.183575540781021118e-01
-1.290114969015121460e-01
3.900145888328552246e-01
-1.738337427377700806e-01
-3.717705607414245605e-01
1.631423532962799072e-01
-3.012220859527587891e-01
2.456817179918289185e-01
-1.324765384197235107e-01
1.722641587257385254e-01
-2.371630519628524780e-01
-4.088704586029052734e-01
-2.015770971775054932e-01
-2.381429076194763184e-01
7.398020625114440918e-01
-2.871434390544891357e-01
1.869395077228546143e-01
-2.036765515804290771e-01
1.489805430173873901e-02
2.545218765735626221e-01
4.307214915752410889e-01
2.131834179162979126e-01
3.190799057483673096e-01
-1.106779649853706360e-02
2.083411067724227905e-01
-2.029396779835224152e-02
-1.860080659389495850e-01
1.186720058321952820e-01
2.025031000375747681e-01
-3.507987856864929199e-01
-1.012887284159660339e-01
2.807349152863025665e-02
3.602238297462463379e-01
-3.535021245479583740e-01
1.553855836391448975e-02
4.234496653079986572e-01
-8.477378636598587036e-02
-4.026408493518829346e-01
-4.210508465766906738e-01
-1.581372618675231934e-01
3.363954722881317139e-01
-1.470388919115066528e-01
5.902795791625976562e-01
5.302629470825195312e-01
-3.279916346073150635e-01
-9.029863029718399048e-02
-4.245929419994354248e-02
1.025152578949928284e-01
9.002335369586944580e-02
-7.752819359302520752e-02
-8.065043389797210693e-02
2.526426911354064941e-01
-4.602537676692008972e-02
1.382146626710891724e-01
-1.523723304271697998e-01
-3.384558856487274170e-01
2.146197855472564697e-02
3.035343885421752930e-01
4.364782478660345078e-03
2.624548375606536865e-01
2.706538438796997070e-01
3.441830277442932129e-01
-2.499056607484817505e-01
2.685309350490570068e-01
-1.232776567339897156e-01
1.485301852226257324e-01
-8.545617014169692993e-02
2.384654879570007324e-01
7.240185141563415527e-02
-9.907851219177246094e-01
4.500336050987243652e-01
1.454217582941055298e-01
-7.620252668857574463e-02
2.468679249286651611e-01
2.289304137229919434e-01
-8.187287300825119019e-02
-1.052576601505279541e-01
-2.007362991571426392e-01
-2.141419798135757446e-01
4.692605510354042053e-02
-8.357752813026309013e-04
3.468573689460754395e-01
6.012234464287757874e-02
-3.243686258792877197e-01
5.484027266502380371e-01
-1.046139225363731384e-01
-2.211761176586151123e-01
3.716659545898437500e-01
7.339908275753259659e-03
-1.223476156592369080e-01
-2.135460823774337769e-01
3.901630640029907227e-01
-2.589322924613952637e-01
-4.031700789928436279e-01
-1.226756069809198380e-02
1.834376603364944458e-01
1.752820909023284912e-01
-5.140218138694763184e-01
2.011424154043197632e-01
-4.105995893478393555e-01
7.581169903278350830e-02
4.864392578601837158e-01
-5.103688836097717285e-01
-1.447576731443405151e-01
1.664176732301712036e-01
-1.580578088760375977e-02
7.525006681680679321e-02
-8.954156190156936646e-02
3.391657173633575439e-01
5.104242563247680664e-01
3.030028566718101501e-02
-1.976569592952728271e-01
-4.703508689999580383e-02
6.107442826032638550e-02
2.351003438234329224e-01
1.490311622619628906e-01
5.137713551521301270e-01
2.900022268295288086e-01
1.715126484632492065e-01
-4.782500267028808594e-01
3.702009022235870361e-01
-5.984791517257690430e-01
2.444689162075519562e-02
-2.858657538890838623e-01
1.358500719070434570e-01
-3.673632144927978516e-01
1.280625462532043457e-01
9.345212578773498535e-02
-4.866437613964080811e-01
-6.118835806846618652e-01
-4.779092371463775635e-01
2.309277057647705078e-01
-3.138706088066101074e-02
-4.057079553604125977e-01
5.593879222869873047e-01
3.160785436630249023e-01
4.887642860412597656e-01
3.420669436454772949e-01
-4.963384941220283508e-02
2.024784386157989502e-01
-2.774148881435394287e-01
-2.302574068307876587e-01
6.097565889358520508e-01
2.196618318557739258e-01
-4.459120035171508789e-01
-1.338391751050949097e-01
-2.033107131719589233e-01
-2.002979367971420288e-01
5.987477302551269531e-01
-4.691072180867195129e-02
3.845400214195251465e-01
4.711582660675048828e-01
2.252803891897201538e-01
-1.899465769529342651e-01
-5.024599432945251465e-01
2.203150242567062378e-01
-4.214124754071235657e-02
4.327092468738555908e-01
-1.608734205365180969e-02
-6.339265406131744385e-02
-1.895493268966674805e-02
-9.440756440162658691e-01
-3.174509853124618530e-02
-1.496564596891403198e-01
1.360930949449539185e-01
-5.073624849319458008e-01
2.539488114416599274e-02
6.781362742185592651e-02
2.998203039169311523e-01
6.451355814933776855e-01
-2.640634179115295410e-01
4.018135368824005127e-03
5.964829921722412109e-01
1.024145632982254028e-01
5.256876349449157715e-02
-5.442830920219421387e-02
-1.990348696708679199e-01
-2.990126013755798340e-01
2.962939739227294922e-01
9.060102701187133789e-02
2.384130209684371948e-01
2.801076695322990417e-02
1.150287017226219177e-01
2.211202979087829590e-01
-1.527328938245773315e-01
2.578113675117492676e-01
-8.434353470802307129e-01
-5.526511669158935547e-01
-2.817854881286621094e-01
-4.745990931987762451e-01
6.643106043338775635e-02
-2.894932217895984650e-02
3.944537043571472168e-01
-1.377291679382324219e-01
-3.049524724483489990e-01
-1.272579878568649292e-01
6.172121316194534302e-02
4.971889257431030273e-01
-7.884149253368377686e-02
3.320049941539764404e-01
-1.699032634496688843e-01
1.239675190299749374e-02
2.687843441963195801e-01
-8.156301975250244141e-01
9.437616914510726929e-03
-3.082057693973183632e-03
-2.455877661705017090e-01
-2.526020705699920654e-01
-1.918816417455673218e-01
4.769640788435935974e-02
-2.273301035165786743e-01
1.209226369857788086e+00
1.025954335927963257e-01
-4.210510849952697754e-01
-1.158406585454940796e-01
-2.829803824424743652e-01
-8.935227394104003906e-01
7.004502415657043457e-01
3.618862330913543701e-01
6.347410082817077637e-01
1.799400299787521362e-01
1.093139797449111938e-01
-1.805467009544372559e-01
9.817272424697875977e-02
8.222283422946929932e-02
6.264943629503250122e-02
-2.369978129863739014e-01
-3.035501837730407715e-01
2.496285140514373779e-01
5.947670936584472656e-01
4.709618166089057922e-02
-4.949245154857635498e-01
-1.305572688579559326e-01
3.767646253108978271e-01
-6.307308077812194824e-01
5.652576088905334473e-01
-4.428515136241912842e-01
-2.371562570333480835e-01
-1.181306019425392151e-01
-3.993456065654754639e-02
2.306370884180068970e-01
1.229029074311256409e-01
1.052957400679588318e-01
4.616649448871612549e-01
5.162264108657836914e-01
2.862183451652526855e-01
-1.977783888578414917e-01
-7.681245356798171997e-02
5.473550409078598022e-02
5.412188544869422913e-02
5.570205301046371460e-02
-1.894596219062805176e-01
1.752433627843856812e-01
-8.065630495548248291e-02
-1.540055777877569199e-02
-2.640110552310943604e-01
-4.534083604812622070e-01
3.937884569168090820e-01
1.375924050807952881e-01
-2.814525365829467773e-01
1.271618008613586426e-01
-1.299736350774765015e-01
-2.725046277046203613e-01
2.973741888999938965e-01
3.143053948879241943e-01
-6.162026152014732361e-02
6.222829818725585938e-01
-2.323729544878005981e-01
-1.531111598014831543e-01
-9.897394478321075439e-02
3.279808163642883301e-02
-5.957926809787750244e-02
2.232548780739307404e-02
-1.577249146066606045e-03
1.931747943162918091e-01
1.451965719461441040e-01
3.065255284309387207e-01
-3.506863117218017578e-02
6.274494528770446777e-02
1.389154642820358276e-01
6.112495660781860352e-01
6.968456506729125977e-01
-1.215734705328941345e-01
-1.354113072156906128e-01
-3.812804445624351501e-02
-5.724775195121765137e-01
7.238734513521194458e-03
-9.597432613372802734e-02
8.415853381156921387e-01
1.336713433265686035e-01
4.969791173934936523e-01
2.234799787402153015e-02
-7.023642212152481079e-02
-1.621434986591339111e-01
-6.826300173997879028e-02
3.635551035404205322e-01
-4.301885962486267090e-01
-1.830189973115921021e-01
3.767191767692565918e-01
3.943312764167785645e-01
2.058820277452468872e-01
3.564818501472473145e-01
2.792164124548435211e-02
8.439739048480987549e-02
-2.573918737471103668e-02
-5.192194948904216290e-04
-8.418817818164825439e-02
3.189753592014312744e-01
-5.900653004646301270e-01
-1.523303389549255371e-01
3.322119712829589844e-01
-7.021375000476837158e-02
-4.945247173309326172e-01
-2.437329590320587158e-01
-6.087205559015274048e-02
-2.666215002536773682e-01
-5.918031185865402222e-02
-3.140465617179870605e-01
-1.029324978590011597e-01
1.093487720936536789e-02
-1.382166892290115356e-01
-7.539926767349243164e-01
-7.973138242959976196e-02
5.502734184265136719e-01
5.577686056494712830e-02
2.861378192901611328e-01
-1.008664593100547791e-01
1.363556385040283203e-01
4.193314015865325928e-01
-3.975557386875152588e-01
1.678701937198638916e-01
-6.465105414390563965e-01
7.056562900543212891e-01
1.091126948595046997e-01
-2.275599986314773560e-01
-5.053571462631225586e-01
3.199074417352676392e-02
-5.362094962038099766e-04
-2.833648025989532471e-02
-3.535314500331878662e-01
-3.290715515613555908e-01
3.999270796775817871e-01
-3.359522223472595215e-01
-1.705393791198730469e-01
-3.368170261383056641e-01
1.255256682634353638e-01
-2.347358018159866333e-01
-2.361455559730529785e-01
2.529896199703216553e-01
-2.757704854011535645e-01
-3.145897090435028076e-01
1.994089484214782715e-01
-3.524291217327117920e-01
-2.310880273580551147e-01
-2.527863681316375732e-01
3.814377486705780029e-01
2.586386203765869141e-01
-4.686551168560981750e-02
3.755182325839996338e-01
9.719465859234333038e-03
-4.066338241100311279e-01
2.389881573617458344e-02
7.377313375473022461e-01
5.964847207069396973e-01
-3.394631743431091309e-01
5.737600922584533691e-01
-5.905096530914306641e-01
-2.143243253231048584e-01
-2.195324748754501343e-01
6.548512261360883713e-03
1.606028228998184204e-01
2.915478944778442383e-01
3.896787762641906738e-01
6.616715788841247559e-01
-7.702264934778213501e-02
-1.127108037471771240e-01
3.738038986921310425e-02
5.063638687133789062e-01
2.137002646923065186e-01
5.811358690261840820e-01
3.237708806991577148e-01
-1.668412983417510986e-01
-4.003097712993621826e-01
3.551363348960876465e-01
-5.378179550170898438e-01
1.572652906179428101e-01
-1.307116448879241943e-02
-2.098697572946548462e-01
-2.782379984855651855e-01
-2.800115346908569336e-01
2.233024686574935913e-01
-4.911443963646888733e-02
1.464169025421142578e-01
2.183640561997890472e-02
2.114326059818267822e-01
3.295406401157379150e-01
-2.468358725309371948e-01
-4.387124627828598022e-02
9.054865837097167969e-01
-8.961833119392395020e-01
-2.726152837276458740e-01
-1.620876193046569824e-01
-1.035502646118402481e-02
3.690624237060546875e-02
-1.774886399507522583e-01
1.167315766215324402e-01
1.275222897529602051e-01
-5.262022614479064941e-01
1.551717817783355713e-01
-1.947760879993438721e-01
1.094822362065315247e-01
-4.979434013366699219e-01
1.162428930401802063e-01
-6.227099299430847168e-01
-1.349673420190811157e-01
3.173315823078155518e-01
2.965525351464748383e-02
2.949613332748413086e-01
3.409062325954437256e-01
8.681914955377578735e-02
5.745109170675277710e-02
1.949068754911422729e-01
-6.535596847534179688e-01
1.377135366201400757e-01
4.412290453910827637e-02
8.927650004625320435e-02
-5.065681934356689453e-01
-2.069928646087646484e-01
-2.202827110886573792e-02
4.440777599811553955e-01
-4.936384558677673340e-01
5.585947632789611816e-01
2.583594024181365967e-01
3.183850944042205811e-01
-2.193813472986221313e-01
6.246477365493774414e-01
-3.551566004753112793e-01
-5.346960425376892090e-01
5.523680448532104492e-01
2.521818969398736954e-03
-2.370859496295452118e-02
-1.760806590318679810e-01
-1.754740066826343536e-02
-3.969103470444679260e-02
6.629705894738435745e-03
-7.259716391563415527e-01
2.345240116119384766e-01
8.456550538539886475e-02
-6.071356534957885742e-01
-1.266365051269531250e-01
2.423549592494964600e-01
1.859105080366134644e-01
3.840312361717224121e-01
-4.666717350482940674e-01
3.850053548812866211e-01
-1.529279649257659912e-01
2.979937791824340820e-01
6.577267050743103027e-01
4.091126024723052979e-01
2.536494731903076172e-01
-1.003691852092742920e-01
-2.011446505784988403e-01
-7.341074347496032715e-01
2.367962598800659180e-01
7.578611969947814941e-01
-5.010991096496582031e-01
-6.372788548469543457e-02
5.714863911271095276e-02
-3.463988602161407471e-01
5.539587736129760742e-01
2.621999979019165039e-01
2.234802693128585815e-01
2.048805356025695801e-01
2.246969193220138550e-01
-1.488781422376632690e-01
2.499028742313385010e-01
1.835023611783981323e-01
-3.718036785721778870e-02
3.284557908773422241e-02
-3.809970617294311523e-01
6.562546640634536743e-02
6.681454181671142578e-01
6.723133921623229980e-01
5.053212046623229980e-01
6.976772546768188477e-01
5.309900045394897461e-01
-2.243066877126693726e-01
-2.945223450660705566e-01
2.723553031682968140e-02
-7.545608282089233398e-01
2.750096321105957031e-01
-2.483825832605361938e-01
-2.488557845354080200e-01
4.063185304403305054e-02
1.605681329965591431e-01
3.584393262863159180e-01
3.462466895580291748e-01
9.312579631805419922e-01
-6.765822768211364746e-01
3.141018748283386230e-01
-8.303994536399841309e-01
-2.834791541099548340e-01
1.637225784361362457e-02
-2.768061757087707520e-01
2.120346277952194214e-01
1.636005043983459473e-01
7.512608170509338379e-01
-2.192603498697280884e-01
2.215362191200256348e-01
-6.596249938011169434e-01
-2.127286642789840698e-01
1.364736258983612061e-01
-4.319996833801269531e-01
-5.958395004272460938e-01
-7.318533062934875488e-01
-5.141220092773437500e-01
3.363184630870819092e-01
-2.996835708618164062e-01
8.090337514877319336e-01
2.094411477446556091e-02
6.517580151557922363e-01
4.897913634777069092e-01
5.798178911209106445e-01
1.015272662043571472e-01
3.268985152244567871e-01
-4.418060183525085449e-01
-6.565637588500976562e-01
-4.218116104602813721e-01
2.037386447191238403e-01
-1.305448293685913086e+00
7.123762965202331543e-01
-5.008729100227355957e-01
-5.084918737411499023e-01
-8.685762435197830200e-02
-6.160838007926940918e-01
1.599572747945785522e-01
1.210817918181419373e-01
5.403141677379608154e-02
-8.666266798973083496e-01
2.051614522933959961e-01
-1.800055056810379028e-01
-7.459802553057670593e-03
-8.204958438873291016e-01
1.023971959948539734e-01
-4.629112184047698975e-01
-1.714741289615631104e-01
-3.035935759544372559e-01
8.543336391448974609e-02
-6.458469033241271973e-01
-5.273579359054565430e-01
5.439128875732421875e-01
-6.701790541410446167e-02
2.630392648279666901e-02
5.336386561393737793e-01
5.067733526229858398e-01
1.152096837759017944e-01
-2.542698383331298828e-01
-5.048102736473083496e-01
-2.507284879684448242e-01
3.574135601520538330e-01
6.819539517164230347e-02
1.132847145199775696e-01
-5.467479676008224487e-02
3.296653628349304199e-01
-3.348907455801963806e-02
5.422766208648681641e-01
-1.984078437089920044e-01
1.930221170186996460e-01
1.001588225364685059e+00
-2.392874360084533691e-01
-1.125593185424804688e+00
-1.445817500352859497e-01
-2.140787690877914429e-01
3.704338073730468750e-01
3.285650610923767090e-01
-3.661313652992248535e-02
5.027024745941162109e-01
7.790102809667587280e-02
-3.261211514472961426e-02
-1.599461585283279419e-01
-2.150160521268844604e-01
1.387908607721328735e-01
-4.387569129467010498e-01
-6.504207104444503784e-02
2.714237868785858154e-01
1.490648388862609863e-01
-2.865350842475891113e-01
2.378278076648712158e-01
3.162204027175903320e-01
-4.263785853981971741e-02
1.744007617235183716e-01
5.320522189140319824e-01
1.119728535413742065e-01
5.145778059959411621e-01
1.033959463238716125e-01
-5.993190780282020569e-02
2.880081236362457275e-01
-6.853184700012207031e-01
-6.193494889885187149e-03
1.880628317594528198e-01
4.243266955018043518e-02
-1.918066591024398804e-01
3.559989035129547119e-01
5.717024803161621094e-01
3.541960939764976501e-02
1.327571272850036621e-01
3.067038357257843018e-01
-2.719116210937500000e-01
-1.362539245747029781e-03
3.600174784660339355e-01
3.979139626026153564e-01
-2.950207591056823730e-01
-3.978234529495239258e-02
3.440985977649688721e-01
-3.323278948664665222e-02
-5.006045103073120117e-02
-7.120314240455627441e-01
2.592027187347412109e-01
-2.721993923187255859e-01
3.896169960498809814e-01
-2.962892353534698486e-01
2.540411353111267090e-01
2.827279865741729736e-01
2.669129073619842529e-01
2.694878578186035156e-01
3.684459328651428223e-01
2.691022120416164398e-02
7.564294934272766113e-01
4.934647679328918457e-01
-9.128161706030368805e-03
-4.067002832889556885e-01
-5.261015295982360840e-01
-1.339666694402694702e-01
7.144043445587158203e-01
-1.031665056943893433e-01
-1.901406347751617432e-01
8.787860162556171417e-03
-3.976005911827087402e-01
2.530732154846191406e-01
-5.254983156919479370e-02
2.680187523365020752e-01
-1.448673754930496216e-01
4.492739588022232056e-02
8.702744245529174805e-01
2.500305175781250000e-01
7.862173765897750854e-02
1.019572764635086060e-01
-2.462579309940338135e-01
2.303269356489181519e-01
-2.423591762781143188e-01
-3.478735387325286865e-01
-4.591558575630187988e-01
1.662119179964065552e-01
4.373491555452346802e-02
2.797849476337432861e-01
3.542957901954650879e-01
-1.242893934249877930e-01
-2.180220335721969604e-01
3.068171627819538116e-02
3.120314180850982666e-01
-5.657253861427307129e-01
1.520095616579055786e-01
6.171664595603942871e-01
1.315621137619018555e-01
-2.973639965057373047e-01
2.780236005783081055e-01
2.795571982860565186e-01
1.905373781919479370e-01
-3.388431370258331299e-01
2.962645292282104492e-01
-1.532012224197387695e-02
1.277878582477569580e-01
-1.154292523860931396e-01
2.893454730510711670e-01
2.555201351642608643e-01
-2.759360969066619873e-01
-2.206065207719802856e-01
-3.963815867900848389e-01
5.231465771794319153e-02
1.442773789167404175e-01
-6.454791873693466187e-02
2.052501887083053589e-01
1.467680092900991440e-02
-2.503789961338043213e-01
3.812544792890548706e-02
4.350817501544952393e-01
-2.688795030117034912e-01
-1.316626816987991333e-01
-4.224981665611267090e-01
-1.023826375603675842e-01
3.190261423587799072e-01
-7.531489711254835129e-03
7.602502107620239258e-01
-2.609114907681941986e-02
-3.854006826877593994e-01
1.291711330413818359e-01
-1.663224697113037109e-01
-4.654525816440582275e-01
-6.402936577796936035e-01
-4.565185308456420898e-01
-3.610443472862243652e-01
-3.618464618921279907e-02
-2.751546800136566162e-01
4.003203660249710083e-02
1.547142565250396729e-01
-1.028230711817741394e-01
-7.319122552871704102e-02
-4.839260578155517578e-01
-3.635241687297821045e-01
-7.492497563362121582e-02
-1.700443029403686523e-01
1.935371607542037964e-01
2.045840770006179810e-01
-3.692105710506439209e-01
1.288295239210128784e-01
-5.998373627662658691e-01
-1.462426185607910156e-01
4.488493502140045166e-02
-6.286184769123792648e-03
3.244327604770660400e-01
9.875224530696868896e-02
2.228863239288330078e-01
5.755795165896415710e-02
-1.468765139579772949e-01
2.146692723035812378e-01
-4.033240489661693573e-03
-6.395039558410644531e-01
1.698909401893615723e-01
6.486231088638305664e-01
2.875453233718872070e-01
-1.449392735958099365e-01
-2.417604029178619385e-01
2.940521836280822754e-01
3.335994780063629150e-01
4.990746378898620605e-01
-1.218485757708549500e-01
1.781982332468032837e-01
2.657927386462688446e-02
9.854798018932342529e-02
-2.099455744028091431e-01
2.996410429477691650e-01
-1.798323839902877808e-01
1.080041471868753433e-02
1.427048593759536743e-01
2.443494349718093872e-01
3.277602195739746094e-01
3.638580441474914551e-01
4.320173859596252441e-01
8.378213644027709961e-02
-1.904194653034210205e-01
2.603584825992584229e-01
3.393790125846862793e-01
-3.637410327792167664e-02
-1.842613071203231812e-01
9.700291603803634644e-02
1.372788995504379272e-01
6.542807817459106445e-02
-2.241510897874832153e-01
2.250261902809143066e-01
2.328024953603744507e-01
-1.492206752300262451e-01
2.653762996196746826e-01
-3.601158037781715393e-02
-2.624511420726776123e-01
-3.821432590484619141e-01
1.743150204420089722e-01
-3.308022022247314453e-01
5.653895810246467590e-02
-3.026337027549743652e-01
3.027845621109008789e-01
-1.340417005121707916e-02
-5.193218216300010681e-02
-2.832635939121246338e-01
1.632731035351753235e-02
-2.461290955543518066e-01
-2.538087368011474609e-01
1.405909508466720581e-01
2.793251574039459229e-01
-3.705182671546936035e-02
3.674722313880920410e-01
-1.220047548413276672e-01
3.117592632770538330e-01
8.336700499057769775e-02
-2.790884673595428467e-01
-1.131278276443481445e-01
1.198334321379661560e-01
-1.392620205879211426e-01
3.294230103492736816e-01
-7.153338193893432617e-02
5.420358777046203613e-01
3.589710295200347900e-01
-4.551768898963928223e-01
3.762335702776908875e-02
-5.102211609482765198e-03
3.957322835922241211e-01
2.498837858438491821e-01
1.130622103810310364e-01
-2.111149132251739502e-01
-1.329841762781143188e-01
8.661191463470458984e-01
-3.579462468624114990e-01
-5.457930564880371094e-01
3.817352354526519775e-01
4.003847762942314148e-02
4.405870735645294189e-01
1.580550521612167358e-01
-3.564928472042083740e-01
6.635677814483642578e-01
-1.944536268711090088e-01
1.623637676239013672e-01
5.813520550727844238e-01
6.162098050117492676e-01
4.800022542476654053e-01
1.520913690328598022e-01
-8.515945672988891602e-01
-5.320883989334106445e-01
-2.581542432308197021e-01
-2.738185524940490723e-01
1.304245442152023315e-01
-1.043426632881164551e+00
9.744229167699813843e-02
3.963162600994110107e-01
9.622885845601558685e-03
-2.174498140811920166e-01
-1.040297150611877441e-01
-5.246788635849952698e-02
2.056307047605514526e-01
8.566763401031494141e-01
-1.958813890814781189e-02
8.622530102729797363e-01
2.659149765968322754e-01
-1.979598104953765869e-01
-6.700764894485473633e-01
6.913062930107116699e-02
-5.636108666658401489e-02
-1.612975001335144043e-01
1.585076749324798584e-01
3.695405721664428711e-01
-1.871170550584793091e-01
1.020204201340675354e-01
-6.298121809959411621e-01
8.182762861251831055e-01
9.805065579712390900e-03
4.561025500297546387e-01
-5.057786703109741211e-01
7.115304470062255859e-03
1.621989309787750244e-01
-9.080000519752502441e-01
1.013134345412254333e-01
-2.520189881324768066e-01
4.954640865325927734e-01
4.351471066474914551e-01
3.347596824169158936e-01
-4.628829360008239746e-01
-3.294654190540313721e-01
-4.382114410400390625e-01
3.020745813846588135e-01
1.273915171623229980e-01
-8.821092844009399414e-01
9.722509980201721191e-02
3.999964594841003418e-01
