2.364749312400817871e-01
-1.635582000017166138e-02
-2.475184351205825806e-01
9.346807748079299927e-02
1.764307469129562378e-01
5.261208862066268921e-02
-1.446715891361236572e-01
-1.284113079309463501e-01
1.900986582040786743e-01
-1.463993489742279053e-01
1.374251246452331543e-01
1.148606464266777039e-02
2.615395188331604004e-02
-1.939663290977478027e-01
-1.633529923856258392e-02
1.545923799276351929e-01
4.811830446124076843e-02
2.276696078479290009e-02
-1.172239780426025391e-01
-1.932175308465957642e-01
8.475235104560852051e-02
-5.364772304892539978e-02
4.700314253568649292e-02
-4.508202895522117615e-02
-1.959972083568572998e-02
-7.544799894094467163e-02
-6.411755830049514771e-02
1.662452667951583862e-01
2.388150840997695923e-01
7.793842256069183350e-02
1.357596814632415771e-01
-6.126505881547927856e-02
