9.225595742464065552e-02
-2.227252870798110962e-01
-4.148769006133079529e-02
-1.509264111518859863e-01
-2.809088230133056641e-01
1.596832089126110077e-02
-6.267665326595306396e-02
1.681728754192590714e-03
-1.805329024791717529e-01
9.314915537834167480e-02
-1.221798919141292572e-02
-1.049680411815643311e-01
1.431820988655090332e-01
-3.500382602214813232e-02
1.190852895379066467e-01
1.602749973535537720e-01
-1.848121359944343567e-02
-1.106668189167976379e-01
-4.120700955390930176e-01
-3.423631563782691956e-02
-6.231543794274330139e-02
-3.360850214958190918e-01
8.323162049055099487e-02
-1.629215627908706665e-01
-2.958106398582458496e-01
-2.168660610914230347e-01
-2.555476315319538116e-02
-2.075558155775070190e-01
-7.572588045150041580e-03
-1.858912557363510132e-01
1.918316259980201721e-02
-2.120591886341571808e-02
