-3.477459028363227844e-02
-2.012768993154168129e-03
3.199414117261767387e-03
-1.065631434321403503e-01
-2.357850782573223114e-03
7.102200761437416077e-03
6.609722971916198730e-02
4.848603531718254089e-02
1.972391083836555481e-02
-2.964519150555133820e-02
8.550096303224563599e-03
4.465691000223159790e-02
2.020546793937683105e-02
1.264323666691780090e-02
8.294913917779922485e-02
-1.295362412929534912e-02
2.534278854727745056e-02
-1.997001003473997116e-03
1.213796716183423996e-02
-2.465880475938320160e-03
-3.407767741009593010e-03
-1.774165430106222630e-03
-3.236404620110988617e-03
-3.210480511188507080e-02
-5.644415318965911865e-02
-1.803060621023178101e-02
-4.083077423274517059e-03
-4.925625026226043701e-02
-9.973685257136821747e-03
3.122653998434543610e-02
2.973455470055341721e-03
-1.327517442405223846e-02
-2.244375273585319519e-02
-8.284088224172592163e-03
1.965023390948772430e-02
7.231861352920532227e-02
-3.758345171809196472e-02
6.976611912250518799e-02
5.947539210319519043e-02
-8.299048058688640594e-03
-1.643713004887104034e-02
1.471694838255643845e-02
-2.704582735896110535e-02
7.099855225533246994e-03
3.908385708928108215e-02
-9.826692193746566772e-02
2.997382916510105133e-02
-4.316834732890129089e-02
-3.378606960177421570e-02
-1.189183443784713745e-02
-2.066940255463123322e-02
-8.342588320374488831e-03
-1.270970609039068222e-02
9.995037689805030823e-03
-1.487143337726593018e-02
-2.107747830450534821e-03
-8.566806092858314514e-03
-8.724583312869071960e-03
2.926290966570377350e-02
-3.133302181959152222e-02
-5.753573402762413025e-02
-1.732516661286354065e-02
-4.893255536444485188e-04
2.398523502051830292e-02
4.556092917919158936e-01
-2.781167328357696533e-01
-5.737742781639099121e-02
-1.930233120918273926e+00
-1.749007552862167358e-01
-8.082541227340698242e-01
-6.025847792625427246e-01
-1.808914840221405029e-01
5.813381075859069824e-01
-6.341029405593872070e-01
-5.797065496444702148e-01
-1.770291447639465332e+00
1.647628247737884521e-01
-7.370675802230834961e-01
-3.860585093498229980e-01
1.944153010845184326e-01
-2.028917819261550903e-01
4.919755458831787109e-01
-5.877395719289779663e-02
-2.210525751113891602e+00
-7.442208379507064819e-02
-8.537248969078063965e-01
-4.906936585903167725e-01
8.493850380182266235e-02
-5.651906728744506836e-01
-1.836689859628677368e-01
-8.222057670354843140e-02
-2.475814074277877808e-01
-2.421433180570602417e-01
-5.748622417449951172e-01
4.280818402767181396e-01
8.840429782867431641e-01
-3.155441880226135254e-01
-2.098665833473205566e-01
-8.958989381790161133e-02
-4.013316035270690918e-01
1.351231038570404053e-01
-3.177920877933502197e-01
-2.726181745529174805e-01
1.795548945665359497e-01
-2.913469076156616211e-01
1.836479268968105316e-02
-1.197972241789102554e-02
6.227658390998840332e-01
3.429866582155227661e-02
1.891045458614826202e-02
-5.936764478683471680e-01
4.984827935695648193e-01
2.616652846336364746e-01
3.392191231250762939e-01
-9.427013397216796875e-01
6.850091218948364258e-01
-2.611134946346282959e-01
4.172531962394714355e-01
2.500572204589843750e-01
-2.936556749045848846e-02
6.232058405876159668e-01
1.537555158138275146e-01
7.482925802469253540e-02
1.055371880531311035e+00
-2.912070453166961670e-01
6.773498654365539551e-02
5.696820467710494995e-02
2.145051062107086182e-01
-3.059981465339660645e-01
-3.637463152408599854e-01
2.660933434963226318e-01
-2.708005607128143311e-01
-1.818509846925735474e-01
-4.526295512914657593e-02
1.239545941352844238e+00
2.278782054781913757e-02
-1.989398598670959473e-01
-5.283904448151588440e-02
6.582275032997131348e-01
-5.112436413764953613e-01
3.617876768112182617e-01
3.396247327327728271e-01
-2.973362803459167480e-01
-3.972903490066528320e-01
-6.711755692958831787e-02
-1.321147084236145020e-01
-1.793810129165649414e-01
2.269567362964153290e-02
-7.071719318628311157e-02
3.654606640338897705e-01
-8.148574084043502808e-02
4.031072854995727539e-01
-2.691518664360046387e-01
-7.049160450696945190e-02
3.072088956832885742e-01
-1.620424985885620117e-01
1.161377578973770142e-01
7.105090618133544922e-01
2.911888957023620605e-01
4.760683774948120117e-01
9.470150619745254517e-02
7.391337156295776367e-01
8.871517181396484375e-01
3.393999338150024414e-01
4.702125489711761475e-01
8.468577861785888672e-01
-1.323664337396621704e-01
1.841943562030792236e-01
2.804311215877532959e-01
-1.589530855417251587e-01
1.171850338578224182e-01
6.161787509918212891e-01
-9.959796071052551270e-02
-5.898646116256713867e-01
2.645451128482818604e-01
-2.690191864967346191e-01
-6.717873364686965942e-02
-5.552985072135925293e-01
2.882678508758544922e-01
8.643283843994140625e-01
6.498371809720993042e-02
4.522360861301422119e-01
1.088698267936706543e+00
5.073996186256408691e-01
-1.298038959503173828e-01
-4.623968005180358887e-01
-4.211694002151489258e-01
1.010711491107940674e-01
-2.396350353956222534e-01
-5.272190570831298828e-01
-3.970792889595031738e-01
3.347136378288269043e-01
-7.572115063667297363e-01
4.370552003383636475e-01
-1.789749786257743835e-02
-4.613111019134521484e-01
2.163429409265518188e-01
8.302037715911865234e-01
-4.788880422711372375e-02
-6.090190261602401733e-02
-2.489649057388305664e-01
6.385950446128845215e-01
-5.090634822845458984e-01
3.947752416133880615e-01
-3.583908975124359131e-01
3.711040690541267395e-02
3.728607892990112305e-01
-5.854680538177490234e-01
1.602073758840560913e-01
-1.810284703969955444e-01
-8.914671540260314941e-01
-4.098054766654968262e-01
2.171456813812255859e-01
9.827437251806259155e-02
-6.622123718261718750e-02
3.776730298995971680e-01
-2.292710542678833008e-01
-7.759064435958862305e-01
-8.848363067954778671e-04
-4.013992547988891602e-01
-2.666067183017730713e-01
-1.483478695154190063e-01
-2.497945874929428101e-01
3.851396739482879639e-01
7.950012385845184326e-02
1.365495771169662476e-01
-2.627449035644531250e-01
-1.899714171886444092e-01
-4.005553200840950012e-02
-1.313188374042510986e-01
-3.832313418388366699e-01
2.049326002597808838e-01
5.765815377235412598e-01
6.115577220916748047e-01
-2.427790164947509766e-01
-5.568897724151611328e-01
-3.988376557826995850e-01
6.837448477745056152e-02
7.482056319713592529e-02
-5.062104463577270508e-01
3.382377922534942627e-01
-1.343102008104324341e-01
1.816744059324264526e-01
-4.533425867557525635e-01
1.831835359334945679e-01
1.151262521743774414e-01
-3.134893020614981651e-03
2.260422408580780029e-01
-9.772296547889709473e-01
3.355113863945007324e-01
1.906181424856185913e-01
7.546117305755615234e-01
4.505645930767059326e-01
-7.159942388534545898e-02
5.707291364669799805e-01
4.242862388491630554e-02
-2.364308089017868042e-01
-3.989979624748229980e-01
-1.770712882280349731e-01
5.220148712396621704e-02
6.658871769905090332e-01
-5.302863568067550659e-02
-8.805631101131439209e-02
1.430804878473281860e-01
-2.427494525909423828e-01
-3.265389204025268555e-01
3.570842444896697998e-01
9.235399365425109863e-01
3.746623098850250244e-01
-2.813554108142852783e-01
-2.035094797611236572e-01
-6.836625188589096069e-02
2.070119231939315796e-01
7.992019057273864746e-01
3.732018768787384033e-01
3.465955257415771484e-01
-2.685848772525787354e-01
1.197803020477294922e-01
-3.039610981941223145e-01
-4.378130137920379639e-01
2.898106351494789124e-02
-4.661751389503479004e-01
9.949075430631637573e-02
3.626361489295959473e-01
-2.512872815132141113e-01
1.050500124692916870e-01
1.507118195295333862e-01
-1.193874329328536987e-01
-2.565470039844512939e-01
1.805793046951293945e-01
1.186750829219818115e-02
-5.522543191909790039e-01
-3.932846188545227051e-01
-1.726714819669723511e-01
4.764446318149566650e-01
-2.519050538539886475e-01
-1.080089360475540161e-01
-3.857258334755897522e-02
-1.645899862051010132e-01
-2.376275360584259033e-01
3.760045468807220459e-01
3.169861808419227600e-02
-1.728506237268447876e-01
-1.172891184687614441e-01
-2.882752008736133575e-02
-7.705891728401184082e-01
-1.627932935953140259e-01
-7.331228256225585938e-01
1.722256466746330261e-02
-3.450058028101921082e-02
-2.579528093338012695e-01
1.844407171010971069e-01
4.972945749759674072e-01
2.246409505605697632e-01
-2.725987136363983154e-02
-4.204301536083221436e-01
1.658916920423507690e-01
1.659780144691467285e-01
1.896774396300315857e-02
-3.083078265190124512e-01
2.624134719371795654e-01
8.703219145536422729e-02
-3.954992815852165222e-02
-9.372936487197875977e-01
-1.862075924873352051e-01
6.605730950832366943e-02
-5.235689282417297363e-01
-3.596432805061340332e-01
-3.828580975532531738e-01
1.885231435298919678e-01
3.379567861557006836e-01
-4.130467474460601807e-01
6.049444675445556641e-01
-1.460170596837997437e-01
-5.197933316230773926e-01
8.206788301467895508e-01
4.665467441082000732e-01
-5.142961144447326660e-01
-1.146807551383972168e+00
2.504933178424835205e-01
-3.474143445491790771e-01
-8.055734634399414062e-02
3.793712556362152100e-01
-1.823701262474060059e-01
4.527390599250793457e-01
1.938104778528213501e-01
-1.084601506590843201e-02
-4.429939389228820801e-01
-1.170385181903839111e-01
3.214489221572875977e-01
-6.041296124458312988e-01
-5.287630558013916016e-01
-3.281557261943817139e-01
-4.554436802864074707e-01
-6.566649079322814941e-01
7.952157407999038696e-02
1.752924025058746338e-01
-3.455418348312377930e-01
-1.743633896112442017e-01
-1.907756626605987549e-01
-3.172041773796081543e-01
3.808539360761642456e-03
-3.723196387290954590e-01
7.716149687767028809e-01
-3.174350559711456299e-01
7.224443554878234863e-01
7.402842044830322266e-01
7.882332801818847656e-01
2.578461170196533203e-01
7.702142745256423950e-02
2.588383555412292480e-01
-9.151339530944824219e-01
3.613177835941314697e-01
1.795842945575714111e-01
1.187251298688352108e-03
6.961190700531005859e-01
2.703631222248077393e-01
-4.403245151042938232e-01
-6.097170114517211914e-01
2.586954236030578613e-01
5.127795040607452393e-03
-5.349376425147056580e-02
-2.835042774677276611e-01
3.494270890951156616e-02
-1.144151389598846436e-01
3.422221243381500244e-01
6.763492524623870850e-02
4.274697005748748779e-01
4.809428453445434570e-01
-1.093011647462844849e-01
6.019393801689147949e-01
-1.240107491612434387e-01
4.751099273562431335e-02
-8.968800306320190430e-01
1.204952597618103027e-01
-4.996694251894950867e-02
-2.098757028579711914e-01
3.737907111644744873e-02
4.682145118713378906e-01
2.320966571569442749e-01
2.594776451587677002e-01
-1.223370671272277832e+00
-8.416033387184143066e-01
-5.420942306518554688e-01
8.104953914880752563e-02
-2.593759000301361084e-01
3.493146896362304688e-01
2.058057785034179688e-01
-6.528021097183227539e-01
-2.064218968152999878e-01
-1.688849329948425293e-01
4.512947201728820801e-01
-1.201653003692626953e+00
-3.675745427608489990e-01
-7.797294259071350098e-01
-7.504751533269882202e-02
-4.718927443027496338e-01
1.000832676887512207e+00
-4.125934839248657227e-01
-1.127165555953979492e-02
-6.836432218551635742e-02
-6.195836067199707031e-01
-1.721578538417816162e-01
4.050605893135070801e-01
-4.267317652702331543e-01
-7.382063567638397217e-02
-2.635125815868377686e-01
-2.413935810327529907e-01
1.750047653913497925e-01
4.295983910560607910e-02
4.394122064113616943e-01
3.994304239749908447e-01
-1.242493465542793274e-01
-1.857058517634868622e-02
3.329529240727424622e-02
7.520471215248107910e-01
1.340925991535186768e-01
6.974245905876159668e-01
7.900190353393554688e-01
2.561082132160663605e-02
-2.004318535327911377e-01
2.678094804286956787e-01
-6.343614459037780762e-01
-3.616376519203186035e-01
1.048291921615600586e-01
4.334522485733032227e-01
-5.180062651634216309e-01
3.229424953460693359e-01
1.019662246108055115e-01
-5.809478759765625000e-01
2.335540018975734711e-02
1.722061187028884888e-01
-1.015397667884826660e+00
6.469405889511108398e-01
-1.763385981321334839e-01
-3.677248954772949219e-02
1.628822237253189087e-01
2.673908174037933350e-01
3.063482940196990967e-01
-3.133157193660736084e-01
1.999522894620895386e-01
-7.285925745964050293e-01
-5.650098919868469238e-01
3.610072433948516846e-01
-8.163236379623413086e-01
4.328836202621459961e-01
3.553661704063415527e-01
-6.240798160433769226e-02
-3.098721802234649658e-01
-2.890479750931262970e-02
-2.753159105777740479e-01
2.455182969570159912e-01
-8.484323322772979736e-02
6.365258991718292236e-02
-2.271757125854492188e-01
3.753921091556549072e-01
-9.473377466201782227e-02
-8.404259383678436279e-02
6.161315366625785828e-02
-1.519223749637603760e-01
-6.835409998893737793e-01
4.526493847370147705e-01
3.385063707828521729e-01
-1.824630498886108398e-01
5.655570030212402344e-01
5.833733081817626953e-01
6.508533358573913574e-01
3.687754869461059570e-01
5.483091473579406738e-01
-9.216614365577697754e-01
3.960278034210205078e-01
3.883076012134552002e-01
4.748736619949340820e-01
2.354587316513061523e-01
5.500559210777282715e-01
-1.751299053430557251e-01
1.126050204038619995e-01
3.796990513801574707e-01
8.665648638270795345e-04
5.169783830642700195e-01
1.912209540605545044e-01
2.628419101238250732e-01
-2.185802310705184937e-01
-1.470072120428085327e-01
-4.886803627014160156e-01
8.675527572631835938e-01
4.291623532772064209e-01
-2.174929082393646240e-01
4.089956358075141907e-02
4.985736310482025146e-01
6.112625002861022949e-01
-3.071946501731872559e-01
-1.061460301280021667e-01
6.000703945755958557e-02
-1.349023170769214630e-02
-2.567451894283294678e-01
2.282720655202865601e-01
2.445877790451049805e-01
-5.163458585739135742e-01
1.616269499063491821e-01
4.203754290938377380e-02
-1.542069390416145325e-02
4.732016921043395996e-01
2.495855689048767090e-01
1.038890257477760315e-01
8.394161462783813477e-01
-7.096265256404876709e-02
6.554099917411804199e-02
5.110368505120277405e-02
3.918271958827972412e-01
2.323702126741409302e-01
3.821779042482376099e-02
-2.950181365013122559e-01
-2.558241188526153564e-01
3.286959826946258545e-01
-2.714753709733486176e-02
7.414141297340393066e-02
-9.357321262359619141e-02
4.146034717559814453e-01
-5.289127826690673828e-01
-5.120494365692138672e-01
4.876047968864440918e-01
-2.131383270025253296e-01
-1.250362694263458252e-01
5.419147666543722153e-03
-3.603129684925079346e-01
-2.447560578584671021e-01
-4.580878019332885742e-01
-5.276514291763305664e-01
-5.171758681535720825e-02
-6.947441399097442627e-02
-1.733708381652832031e-02
-3.345596194267272949e-01
3.679968118667602539e-01
-1.407676488161087036e-01
-1.371151953935623169e-01
1.247648894786834717e-01
1.698512583971023560e-01
3.873999416828155518e-01
6.165137141942977905e-02
1.905409693717956543e-01
4.541584849357604980e-01
2.198532372713088989e-01
-4.541434645652770996e-01
1.983803808689117432e-01
-2.091697603464126587e-01
-2.733594775199890137e-01
-2.583016455173492432e-01
-1.752512753009796143e-01
2.862887978553771973e-01
1.741459816694259644e-01
2.091608792543411255e-01
2.214208990335464478e-01
1.595061570405960083e-01
-1.281093657016754150e-01
5.877078771591186523e-01
-1.196252740919589996e-02
-8.358204364776611328e-01
1.747531890869140625e-01
5.044023990631103516e-01
-8.258408308029174805e-02
8.502932190895080566e-01
-9.346298873424530029e-02
-1.637263894081115723e-01
1.364337839186191559e-02
1.841363310813903809e-02
-6.451173424720764160e-01
6.689212918281555176e-01
-3.201584219932556152e-01
1.436638832092285156e-01
1.255074888467788696e-01
-8.984706997871398926e-01
3.212966918945312500e-01
1.364625096321105957e-01
2.243604511022567749e-01
-3.342923149466514587e-02
2.020361274480819702e-02
-5.025090575218200684e-01
2.788160741329193115e-02
-1.837970912456512451e-01
-4.580500423908233643e-01
4.544484019279479980e-01
-4.653164446353912354e-01
2.247520834207534790e-01
-2.233349382877349854e-01
-8.796403557062149048e-02
-1.271784454584121704e-01
-7.576809078454971313e-02
7.720274329185485840e-01
1.894941478967666626e-01
4.890512824058532715e-01
1.477998215705156326e-02
-2.026695758104324341e-01
1.174299046397209167e-01
-7.118067145347595215e-01
1.006385013461112976e-01
1.254211068153381348e-01
-1.319210827350616455e-01
3.304446935653686523e-01
1.348033994436264038e-01
3.444078192114830017e-02
-7.176490426063537598e-01
2.671926319599151611e-01
4.316202551126480103e-02
7.068732380867004395e-02
4.002298712730407715e-01
-2.372315824031829834e-01
1.166434586048126221e-01
1.396362483501434326e-01
-1.451302915811538696e-01
2.127129212021827698e-02
-2.110567092895507812e-01
1.477320790290832520e-01
-1.003548502922058105e-01
-1.839679628610610962e-01
4.688048958778381348e-01
4.380314052104949951e-01
3.775473237037658691e-01
7.254830002784729004e-01
-4.545176327228546143e-01
-7.464614510536193848e-02
-3.579842448234558105e-01
-2.129460871219635010e-01
1.622843742370605469e-01
6.806414723396301270e-01
-5.651136636734008789e-01
6.902708411216735840e-01
1.691642701625823975e-01
3.720838427543640137e-01
-2.131091356277465820e-01
4.926928579807281494e-01
4.935339093208312988e-01
-2.013927102088928223e-01
3.292193412780761719e-01
2.336226999759674072e-01
-5.809672474861145020e-01
1.488705277442932129e-01
4.582695290446281433e-02
-7.204653620719909668e-01
2.758463025093078613e-01
-6.315540522336959839e-02
1.363147348165512085e-01
-2.956002578139305115e-02
4.677151143550872803e-01
5.269227623939514160e-01
-9.230838418006896973e-01
-8.237028121948242188e-01
8.566724061965942383e-01
3.292761445045471191e-01
-4.339497685432434082e-01
-4.516701698303222656e-01
7.746175527572631836e-01
-2.820415496826171875e-01
-3.647036850452423096e-01
-9.042391926050186157e-02
-3.564607799053192139e-01
3.645935282111167908e-02
-5.195308476686477661e-02
1.784544438123703003e-01
-3.503748774528503418e-01
4.521612226963043213e-01
1.016631603240966797e+00
8.428975194692611694e-02
1.459906250238418579e-01
2.454942911863327026e-01
6.249849796295166016e-01
-1.956649310886859894e-02
6.277910619974136353e-02
3.409933745861053467e-01
2.928126975893974304e-02
5.706798434257507324e-01
-2.103273272514343262e-01
-2.809819579124450684e-01
1.161388680338859558e-01
-3.669018447399139404e-01
3.684939444065093994e-01
3.047220408916473389e-01
6.768456101417541504e-01
8.174136877059936523e-01
1.282108873128890991e-01
6.110038757324218750e-01
5.889451503753662109e-01
-1.965028047561645508e-02
6.366306543350219727e-01
7.739935517311096191e-01
-5.734364390373229980e-01
1.480249464511871338e-01
-4.933120310306549072e-01
6.724265813827514648e-01
-1.093712449073791504e+00
4.171389639377593994e-01
-1.006071865558624268e-01
1.357985138893127441e-01
6.434855461120605469e-01
-6.248071789741516113e-01
-1.083505511283874512e+00
7.335271239280700684e-01
2.568733096122741699e-01
-3.507974445819854736e-01
1.291146159172058105e+00
-9.992789626121520996e-01
-3.267152905464172363e-01
-6.197034120559692383e-01
6.133793592453002930e-01
2.778161168098449707e-01
1.935636997222900391e-02
1.303582638502120972e-01
1.119272828102111816e+00
5.912644267082214355e-01
-1.194304227828979492e-01
2.541376948356628418e-01
-9.005368947982788086e-01
4.458127915859222412e-02
-2.676193714141845703e-01
-1.629522293806076050e-01
-1.140307914465665817e-02
3.283113539218902588e-01
-7.983042597770690918e-01
-3.777923062443733215e-02
-4.314872920513153076e-01
9.719302654266357422e-01
-3.075814545154571533e-01
6.417493820190429688e-01
-1.535172015428543091e-01
-6.371927857398986816e-01
2.668408155441284180e-01
8.815721869468688965e-01
5.561147928237915039e-01
1.439484477043151855e+00
1.285612583160400391e-01
4.660115838050842285e-01
6.887509822845458984e-01
4.219589754939079285e-02
1.024666786193847656e+00
2.620818018913269043e-01
9.327111244201660156e-01
-6.963339447975158691e-01
-2.732322812080383301e-01
-2.439875602722167969e-01
-3.762487769126892090e-01
7.251914143562316895e-01
4.995933175086975098e-01
2.448888868093490601e-01
-6.847994327545166016e-01
1.811504364013671875e-01
-1.430049419403076172e+00
-7.803903222084045410e-01
7.782590389251708984e-02
-7.546774744987487793e-01
6.080745458602905273e-01
-5.378174185752868652e-01
-6.560993790626525879e-01
-4.142722785472869873e-01
2.651968300342559814e-01
-4.985377490520477295e-01
2.964853644371032715e-01
6.753978133201599121e-01
4.250113666057586670e-01
-2.228691279888153076e-01
-1.392940402030944824e+00
-4.699915051460266113e-01
-2.610376179218292236e-01
-2.466246336698532104e-01
2.026212066411972046e-01
3.974572718143463135e-01
-2.285991609096527100e-01
-2.538433969020843506e-01
-2.681894004344940186e-01
-2.593562304973602295e-01
-4.654396325349807739e-02
4.477219283580780029e-01
3.519032597541809082e-01
-1.075082421302795410e+00
9.626973867416381836e-01
-2.555440366268157959e-01
1.088929772377014160e+00
-8.840416073799133301e-01
-2.228924036026000977e-01
-6.599974632263183594e-02
-1.307579576969146729e-01
8.699875473976135254e-01
-4.570095837116241455e-01
3.064653873443603516e-01
3.772594928741455078e-01
-2.030648440122604370e-01
2.783215343952178955e-01
1.986450999975204468e-01
7.187732458114624023e-01
8.210625052452087402e-01
3.958569467067718506e-01
1.946545839309692383e-01
6.307213306427001953e-01
-1.278862804174423218e-01
4.175242781639099121e-01
-4.712032377719879150e-01
-6.273165941238403320e-01
3.277540504932403564e-01
3.957673162221908569e-02
1.160418018698692322e-01
4.617244601249694824e-01
6.079779863357543945e-01
3.925931155681610107e-01
1.439589858055114746e+00
1.139483332633972168e+00
-2.988774776458740234e-01
5.441751480102539062e-01
-6.292711496353149414e-01
1.117694854736328125e+00
6.358340978622436523e-01
9.899712800979614258e-01
5.667454600334167480e-01
5.443833470344543457e-01
-3.626503646373748779e-01
8.211579918861389160e-01
1.758204102516174316e-01
-3.234365582466125488e-02
1.087038666009902954e-01
-3.289448320865631104e-01
-8.402321934700012207e-01
-3.144843578338623047e-01
4.522500336170196533e-01
4.089559018611907959e-01
5.820659920573234558e-02
8.729128241539001465e-01
1.503877192735671997e-01
3.343082666397094727e-01
-1.472811847925186157e-01
1.888103783130645752e-01
-1.292425394058227539e-01
-1.320137500762939453e+00
5.712335109710693359e-01
-1.490338146686553955e-01
1.466623395681381226e-01
-8.366991579532623291e-02
2.436708062887191772e-01
-6.697285771369934082e-01
1.708504557609558105e-01
7.287941575050354004e-01
7.075198888778686523e-01
4.257397726178169250e-02
-6.391384005546569824e-01
-3.089115917682647705e-01
-5.694916248321533203e-01
2.842322289943695068e-01
5.989488959312438965e-01
7.353653758764266968e-02
-3.109859824180603027e-01
3.018317818641662598e-01
-5.319232940673828125e-01
-2.106243669986724854e-01
-3.779623508453369141e-01
7.753768563270568848e-02
4.482045173645019531e-01
-1.647176146507263184e-01
2.536211609840393066e-01
-2.099754065275192261e-01
5.268277525901794434e-01
-1.961510181427001953e-01
5.435238480567932129e-01
1.740131378173828125e-01
7.828828692436218262e-02
-9.008050560951232910e-01
5.999752283096313477e-01
1.036919653415679932e-01
-6.318532824516296387e-01
-1.560894846916198730e-01
-1.707009077072143555e-01
-2.814539009705185890e-03
-1.603199727833271027e-02
-4.085404425859451294e-02
1.839709430932998657e-01
3.693168163299560547e-01
1.224907580763101578e-02
-9.583902359008789062e-02
-2.887908928096294403e-02
4.386474937200546265e-02
3.050552308559417725e-01
-1.107052415609359741e-01
-1.544744819402694702e-01
1.295162457972764969e-02
-2.316301614046096802e-01
6.426217406988143921e-02
2.615853846073150635e-01
7.869120687246322632e-02
2.989688515663146973e-01
2.918139100074768066e-01
1.360380053520202637e-01
4.108537435531616211e-01
1.517581641674041748e-01
-5.084112286567687988e-01
4.770312607288360596e-01
-6.032247096300125122e-02
-1.133482813835144043e+00
-6.963013410568237305e-01
-2.886216342449188232e-01
-3.946130871772766113e-01
2.929644286632537842e-01
2.429307997226715088e-01
-2.513135373592376709e-01
-7.870951294898986816e-02
1.420946139842271805e-02
-1.796731166541576385e-02
6.602520346641540527e-01
-4.465806484222412109e-01
2.071786224842071533e-01
-1.690276265144348145e-01
1.369547545909881592e-01
1.329417675733566284e-01
1.971174627542495728e-01
6.731525659561157227e-01
1.294361501932144165e-01
5.129742622375488281e-01
8.365076780319213867e-01
-2.419755458831787109e-01
-3.125792145729064941e-01
2.097188830375671387e-01
2.574679255485534668e-01
-5.468921065330505371e-01
-4.009250998497009277e-01
-1.913217306137084961e-01
2.949261069297790527e-01
-8.407241851091384888e-02
9.529258012771606445e-01
3.823843002319335938e-01
5.189509391784667969e-01
1.105306148529052734e+00
-4.016423225402832031e-01
-8.798663020133972168e-01
-3.003365695476531982e-01
5.535251274704933167e-02
6.564067602157592773e-01
1.892242431640625000e-01
1.517081819474697113e-02
3.520474731922149658e-01
-5.752965807914733887e-01
3.014190793037414551e-01
-2.192133814096450806e-01
-1.968997269868850708e-01
-2.298143804073333740e-01
4.388337582349777222e-02
1.864631287753582001e-02
4.451256096363067627e-01
3.561756312847137451e-01
1.410870254039764404e-01
-7.597225904464721680e-01
-5.420700460672378540e-02
8.489487767219543457e-01
7.484336942434310913e-02
3.832380771636962891e-01
1.872698068618774414e-01
1.370701789855957031e-01
1.191250830888748169e-01
1.838008612394332886e-01
7.944814860820770264e-02
-4.420617967844009399e-02
-7.482726126909255981e-02
2.480595856904983521e-01
3.037593513727188110e-02
4.195746779441833496e-01
-3.409830331802368164e-01
-6.650927662849426270e-02
-2.989024519920349121e-01
6.500732619315385818e-03
6.707791090011596680e-01
-7.292732000350952148e-01
4.326525703072547913e-02
-2.116256058216094971e-01
-4.217799007892608643e-01
-6.239448785781860352e-01
2.650771737098693848e-01
7.824728637933731079e-02
3.906093537807464600e-01
2.104145735502243042e-01
6.686706542968750000e-01
1.364070773124694824e-01
7.014659047126770020e-02
-2.384856715798377991e-02
2.239732742309570312e-01
8.869080245494842529e-02
4.971082806587219238e-01
3.228402733802795410e-01
-1.772222071886062622e-01
5.414280295372009277e-01
-9.981169104576110840e-01
2.081307023763656616e-01
-2.392697483301162720e-01
-3.896453380584716797e-01
-3.792739473283290863e-03
-9.050709009170532227e-02
6.244194507598876953e-01
6.601633131504058838e-02
2.391560077667236328e-01
-4.769561812281608582e-02
-1.429799646139144897e-01
5.853235721588134766e-01
4.897025823593139648e-01
1.579624712467193604e-01
2.350463718175888062e-01
-7.284322381019592285e-02
-5.461803674697875977e-01
4.892397224903106689e-01
-3.928816616535186768e-01
2.461977899074554443e-01
-2.583987712860107422e-01
-9.630725532770156860e-02
-1.733161658048629761e-01
-2.099370509386062622e-01
9.656895995140075684e-01
-1.895174533128738403e-01
-5.468727350234985352e-01
3.441576659679412842e-02
3.363618627190589905e-02
-1.445035934448242188e+00
-6.329884529113769531e-01
4.396368265151977539e-01
3.086188137531280518e-01
2.573031559586524963e-02
2.590292878448963165e-02
-9.186518937349319458e-02
-4.596261084079742432e-01
2.048811614513397217e-01
1.321112364530563354e-01
4.775321185588836670e-01
1.415498740971088409e-02
-4.775826334953308105e-01
6.816407442092895508e-01
-8.108741044998168945e-01
1.095858737826347351e-01
-1.847842782735824585e-01
4.914494231343269348e-02
-6.471358239650726318e-02
1.124905943870544434e-01
-5.056599378585815430e-01
4.821935668587684631e-03
2.733326852321624756e-01
4.069119989871978760e-01
7.453699409961700439e-02
-3.024665415287017822e-01
-5.309209227561950684e-01
-9.929405450820922852e-01
-2.119988203048706055e-01
-7.962305843830108643e-02
-1.678148388862609863e+00
3.474361896514892578e-01
6.808408498764038086e-01
9.257126450538635254e-01
-3.176977932453155518e-01
8.460829257965087891e-01
-9.289342761039733887e-01
8.672650903463363647e-02
-6.061793491244316101e-02
7.177409529685974121e-01
1.205472946166992188e+00
6.518310904502868652e-01
6.029027104377746582e-01
1.372243165969848633e-01
-5.907533764839172363e-01
9.534535408020019531e-01
8.001038432121276855e-02
8.344570994377136230e-01
-5.664203166961669922e-01
7.065265774726867676e-01
3.487826511263847351e-02
5.570743083953857422e-01
2.818911671638488770e-01
3.801584541797637939e-01
-2.406302690505981445e-01
-5.982435941696166992e-01
8.291599899530410767e-02
4.449530690908432007e-02
-1.956840455532073975e-01
-1.214095354080200195e-01
8.399999141693115234e-02
2.685075700283050537e-01
-4.257326722145080566e-01
-5.439818501472473145e-01
3.624100685119628906e-01
-3.032187223434448242e-01
1.334016174077987671e-01
-9.733598232269287109e-01
-1.481044888496398926e-01
-6.554338335990905762e-02
1.046410277485847473e-01
-2.925161719322204590e-01
-6.237865090370178223e-01
-9.567771852016448975e-02
-1.947345584630966187e-02
-5.959602072834968567e-02
-6.059489846229553223e-01
3.689576089382171631e-01
2.033036500215530396e-01
-1.055716723203659058e-01
-5.744497179985046387e-01
-4.426889419555664062e-01
-3.516597151756286621e-01
2.190963029861450195e-01
-2.776731550693511963e-01
2.457319796085357666e-01
-3.706228733062744141e-01
-1.098406240344047546e-01
