-3.752911686897277832e-01
-4.413224756717681885e-01
-6.759596467018127441e-01
-2.601345479488372803e-01
-3.960255980491638184e-01
-4.158074855804443359e-01
3.285985812544822693e-02
-7.620377540588378906e-01
3.351251408457756042e-02
-5.475323796272277832e-01
-5.288913846015930176e-01
-6.002612113952636719e-01
-3.282690346240997314e-01
-3.665044009685516357e-01
-7.642005681991577148e-01
-4.300833642482757568e-01
-9.405194520950317383e-01
-2.068946808576583862e-01
-8.761507272720336914e-01
-1.332694292068481445e-01
-2.951793074607849121e-01
-7.087110877037048340e-01
-1.437987834215164185e-01
-1.434858441352844238e-01
-4.454653859138488770e-01
-3.341991603374481201e-01
-6.524521708488464355e-01
-2.139125764369964600e-01
-3.345929086208343506e-02
1.681039333343505859e-01
4.079817533493041992e-01
-6.551476120948791504e-01
-2.374780625104904175e-01
-2.986026108264923096e-01
-7.375261783599853516e-01
-8.750951290130615234e-01
-1.883590370416641235e-01
-5.977296829223632812e-01
-3.957647979259490967e-01
-6.276380419731140137e-01
-2.528022527694702148e-01
-1.708817034959793091e-01
-8.196049928665161133e-02
-4.470179378986358643e-01
-8.902420401573181152e-01
-2.866700291633605957e-01
-1.027742326259613037e-01
-2.479910254478454590e-01
-6.868449449539184570e-01
-7.935543060302734375e-01
-7.815272212028503418e-01
-7.117905616760253906e-01
-2.633728981018066406e-01
-4.395923614501953125e-01
-6.605289578437805176e-01
-8.285339474678039551e-01
-7.538502812385559082e-01
-5.831663012504577637e-01
-1.898140013217926025e-01
-5.952165722846984863e-01
-1.299385309219360352e+00
-7.931113243103027344e-01
-2.702943086624145508e-01
8.010068908333778381e-03
-5.983199477195739746e-01
-2.424392551183700562e-01
-3.057166039943695068e-01
-7.130271792411804199e-01
-1.623048484325408936e-01
-4.421749711036682129e-01
-4.141661524772644043e-01
-4.059741199016571045e-01
-2.395180016756057739e-01
-1.032162904739379883e+00
-1.649480313062667847e-01
-5.497698783874511719e-01
-8.934805393218994141e-01
-6.096118092536926270e-01
-5.929014459252357483e-02
-3.140129446983337402e-01
-7.188603281974792480e-01
-4.607769548892974854e-01
-6.399667859077453613e-01
-8.109198808670043945e-01
-6.977956295013427734e-01
-4.271854162216186523e-01
-4.321969747543334961e-01
-5.015226006507873535e-01
-1.195384502410888672e+00
-2.771870195865631104e-01
-9.608916640281677246e-01
-4.796185195446014404e-01
-8.164196014404296875e-01
-4.560016989707946777e-01
-5.444350838661193848e-01
-8.959929943084716797e-01
-2.024184465408325195e-01
-3.774623870849609375e-01
-9.166201353073120117e-01
-6.629957556724548340e-01
-5.756957530975341797e-01
-1.845940202474594116e-01
-1.041553258895874023e+00
-4.625135064125061035e-01
-3.084452152252197266e-01
-9.526279568672180176e-01
-2.813171148300170898e-01
-1.702421307563781738e-01
-5.426297783851623535e-01
-1.474038511514663696e-01
-3.510218262672424316e-01
-3.936235904693603516e-01
8.593234419822692871e-02
-3.357028067111968994e-01
-2.782288193702697754e-01
2.040272019803524017e-02
-8.403857350349426270e-01
-7.034562230110168457e-01
-3.270945847034454346e-01
-5.670983195304870605e-01
-7.284700274467468262e-01
-2.018035948276519775e-01
-5.369423329830169678e-02
-3.885723352432250977e-01
-9.522806406021118164e-01
-8.770275712013244629e-01
-1.458372641354799271e-02
-8.256165385246276855e-01
