-7.215176522731781006e-02
7.860575318336486816e-01
9.616684317588806152e-01
5.307203531265258789e-01
6.401704996824264526e-02
4.149751067161560059e-01
3.524807393550872803e-01
1.553739666938781738e+00
7.724559903144836426e-01
3.439334630966186523e-01
1.612698554992675781e+00
-1.333872973918914795e-01
1.236979842185974121e+00
1.050225868821144104e-01
5.932999253273010254e-01
1.189318299293518066e+00
1.184434294700622559e+00
2.303329408168792725e-01
9.073145389556884766e-01
2.293307185173034668e-01
4.129915237426757812e-01
-9.503111988306045532e-02
6.960462927818298340e-01
5.098479390144348145e-01
1.727641105651855469e+00
8.313389420509338379e-01
7.247895598411560059e-01
7.554591298103332520e-01
9.828208684921264648e-01
2.506262063980102539e+00
3.765237033367156982e-01
-4.570888355374336243e-02
2.974710464477539062e-01
1.934507608413696289e+00
2.676872611045837402e-01
1.606563806533813477e+00
1.087129473686218262e+00
4.177209436893463135e-01
7.727537155151367188e-01
3.652315139770507812e-01
7.027373313903808594e-01
4.603709578514099121e-01
2.136364579200744629e-01
5.104477405548095703e-01
1.074039116501808167e-01
2.388627052307128906e+00
4.705810248851776123e-01
5.075318813323974609e-01
6.631816029548645020e-01
2.418808043003082275e-01
1.122290134429931641e+00
1.767665624618530273e+00
1.082228899002075195e+00
6.429699063301086426e-01
1.573536843061447144e-01
8.683090806007385254e-01
4.228083789348602295e-01
6.537594795227050781e-01
4.755825996398925781e-01
1.961189866065979004e+00
1.285800933837890625e+00
1.133594393730163574e+00
3.070917725563049316e-01
6.822589039802551270e-01
1.558111429214477539e+00
3.261838108301162720e-03
3.700183629989624023e-01
1.737056136131286621e+00
2.892896533012390137e-01
2.759769916534423828e+00
-1.873626708984375000e-01
2.092183828353881836e+00
5.189713835716247559e-01
7.207862138748168945e-01
3.934831023216247559e-01
4.431460797786712646e-02
7.828913927078247070e-01
7.521167993545532227e-01
5.538609027862548828e-01
-1.022478193044662476e-01
1.181090250611305237e-01
3.638921678066253662e-01
3.189216852188110352e-01
1.333011746406555176e+00
7.611059546470642090e-01
5.523793697357177734e-01
2.937130689620971680e+00
7.739987969398498535e-01
1.582549452781677246e+00
5.885656476020812988e-01
1.784443408250808716e-01
9.281312823295593262e-01
4.830738008022308350e-01
1.160708427429199219e+00
7.300953269004821777e-01
1.078436374664306641e+00
9.126570224761962891e-01
4.434150457382202148e-02
9.001339673995971680e-01
9.702500700950622559e-01
1.535188436508178711e+00
1.145394802093505859e+00
7.987753748893737793e-01
9.000871181488037109e-01
1.957507014274597168e+00
5.522814989089965820e-01
2.165669918060302734e+00
-3.469392061233520508e-01
4.459693431854248047e-01
4.063067138195037842e-01
1.327420711517333984e+00
1.342588782310485840e+00
-5.272611379623413086e-01
6.792516708374023438e-01
3.614470735192298889e-02
5.379171967506408691e-01
5.866469144821166992e-01
3.165626227855682373e-01
8.945453166961669922e-02
3.043467700481414795e-01
1.956331282854080200e-01
9.392656683921813965e-01
-6.907291412353515625e-01
2.752377688884735107e-01
6.926824450492858887e-01
5.093446969985961914e-01
8.620758056640625000e-01
8.283700346946716309e-01
