Bits, Slice LUTs, Slice Registers, Block RAM Tile, DSPs, Bonded IOB, Timing, Accuracy
# Sweep from before implementing everything in magic multiplication
4, 1.80, 0.85, 0.00, 0.14, 10.35, 0.793, 0.19992168674698796
7, 6.33, 2.25, 0.00, 0.14, 17.76, 0.458, 0.42003614457831323
10, 13.47, 4.22, 0.00, 0.14, 25.18, 0.259, 0.6648012048192771
13, 21.60, 6.03, 0.00, 10.11, 32.59, 0.235, 0.7615602409638554
16, 27.46, 6.86, 0.00, 27.78, 40.00, 0.037, 0.7650722891566265
19, 29.89, 6.93, 0.00, 50.19, 47.41, 0.183, 0.7652831325301205
22, 33.90, 7.06, 0.00, 68.03, 54.82, 0.094, 0.7653313253012048
25, 36.10, 7.21, 0.00, 81.31, 62.24, 0.193, 0.7653313253012048

# Sweep with only magic module

4, 1.80, 0.85, 0.00, 0.14, 10.35, 0.793
7, 6.33, 2.25, 0.00, 0.14, 17.76, 0.400
10, 13.41, 4.22, 0.00, 0.14, 25.18, 0.320
13, 21.57, 6.03, 0.00, 10.11, 32.59, 0.145
16, 27.45, 6.86, 0.00, 27.78, 40.00, 0.203
19, 29.89, 6.93, 0.00, 50.19, 47.41, 0.183
22, 33.90, 7.06, 0.00, 68.03, 54.82, 0.094
25, 36.10, 7.21, 0.00, 81.31, 62.24, 0.193

# Sweep with only normal multiplication

4, 1.80, 0.85, 0.00, 0.14, 10.35, 0.793
7, 6.33, 2.25, 0.00, 0.14, 17.76, 0.458
10, 13.47, 4.22, 0.00, 0.14, 25.18, 0.259
13, 21.60, 6.03, 0.00, 10.11, 32.59, 0.235
16, 27.46, 6.86, 0.00, 27.78, 40.00, 0.037
19, 29.94, 6.94, 0.00, 50.19, 47.41, 0.075
22, 33.95, 7.06, 0.00, 68.03, 54.82, 0.038
25, 36.19, 7.20, 0.00, 81.31, 62.24, -0.148


4, 1.80, 0.85, 0.00, 0.14, 10.35, 0.793, 0.19992168674698796
7, 6.33, 2.25, 0.00, 0.14, 17.76, 0.458, 0.42003614457831323
10, 13.47, 4.22, 0.00, 0.14, 25.18, 0.259, 0.6648012048192771
13, 21.60, 6.03, 0.00, 10.11, 32.59, 0.235, 0.7615602409638554
16, 27.46, 6.86, 0.00, 27.78, 40.00, 0.037, 0.7650722891566265
19, 29.89, 6.93, 0.00, 50.19, 47.41, 0.183, 0.7652831325301205
22, 33.90, 7.06, 0.00, 68.03, 54.82, 0.094, 0.7653313253012048
25, 36.10, 7.21, 0.00, 81.31, 62.24, 0.193, 0.7653313253012048
4, 1.80, 0.85, 0.00, 0.14, 10.35, 0.793
7, 6.33, 2.25, 0.00, 0.14, 17.76, 0.458
10, 13.47, 4.22, 0.00, 0.14, 25.18, 0.259
4, 1.27, 0.60, 0.00, 0.14, 9.78, 0.055
7, 4.48, 1.60, 0.00, 0.14, 16.78, 0.289
10, 9.53, 2.99, 0.00, 0.14, 23.78, 0.206
13, 15.54, 4.28, 0.00, 10.11, 30.78, -0.115
16, 20.33, 4.86, 0.00, 27.78, 37.78, 0.069
19, 22.72, 4.92, 0.00, 50.19, 44.78, -0.061
22, 25.08, 5.01, 0.00, 68.03, 51.78, -0.157
25, 26.91, 5.12, 0.00, 81.31, 58.78, -0.144
28, 49.51, 9.89, 0.00, 100.00, 65.78, -2.384
4, 1.27, 0.60, 0.00, 0.14, 9.78, 0.055
7, 4.48, 1.60, 0.00, 0.14, 16.78, 0.289
10, 9.53, 2.99, 0.00, 0.14, 23.78, 0.206
13, 15.54, 4.28, 0.00, 10.11, 30.78, -0.115
16, 20.33, 4.86, 0.00, 27.78, 37.78, 0.069
19, 22.72, 4.92, 0.00, 50.19, 44.78, -0.061
22, 25.08, 5.01, 0.00, 68.03, 51.78, -0.157
25, 26.91, 5.12, 0.00, 81.31, 58.78, -0.144
28, 49.51, 9.89, 0.00, 100.00, 65.78, -2.384


# Util sa 3.4 

4, 0.45, 0.21, 0.00, 0.04, 10.58, 2.123
7, 1.57, 0.56, 0.00, 0.04, 18.15, 1.633
10, 3.35, 1.06, 0.00, 0.04, 25.72, 1.307
13, 5.30, 1.49, 0.00, 2.96, 33.29, 0.685
16, 6.73, 1.70, 0.00, 8.14, 40.87, 1.205
19, 7.46, 1.74, 0.00, 14.71, 48.44, 0.502
22, 7.99, 1.77, 0.00, 19.93, 56.01, 1.014
25, 8.43, 1.81, 0.00, 23.82, 63.58, 0.701
28, 8.96, 1.87, 0.00, 31.01, 71.15, 0.506
31, 13.59, 3.17, 0.00, 45.07, 78.73, 0.198
34, 9.35, 1.90, 0.00, 62.80, 86.30, 0.031
37, 17.56, 4.08, 0.00, 65.80, 93.87, 0.014