-3.501367941498756409e-02
1.059412606991827488e-03
-6.026336457580327988e-03
2.398755960166454315e-02
9.249366819858551025e-02
1.580225117504596710e-02
-2.813817560672760010e-02
4.935298580676317215e-03
-2.359213121235370636e-02
-4.865037277340888977e-03
-7.430091500282287598e-03
2.331370860338211060e-02
1.487204525619745255e-02
1.154792606830596924e-01
-7.547514140605926514e-02
-1.812536567449569702e-01
-2.600006945431232452e-02
4.409234970808029175e-02
-2.339394688606262207e-01
1.528849750757217407e-01
-3.693958744406700134e-02
1.683156043291091919e-01
-4.574792459607124329e-02
1.040967181324958801e-03
1.843884401023387909e-02
2.219893969595432281e-02
6.582939624786376953e-02
-6.469747982919216156e-03
4.760307818651199341e-02
-1.279783621430397034e-02
1.050622835755348206e-01
3.154561156406998634e-03
-4.454345256090164185e-02
-1.926003769040107727e-02
-2.546647787094116211e-01
1.950477361679077148e-01
2.633154578506946564e-02
-3.701161965727806091e-02
2.886572480201721191e-02
8.761492557823657990e-03
-6.128676980733871460e-02
-1.973501034080982208e-02
-6.761871278285980225e-02
8.518625982105731964e-03
-7.509660720825195312e-02
1.006374601274728775e-02
-1.904136240482330322e-01
-8.982492238283157349e-02
-2.594253420829772949e-02
9.873438626527786255e-02
-1.199383288621902466e-03
6.367973983287811279e-02
1.274960953742265701e-02
-4.583628848195075989e-02
1.373466569930315018e-02
1.015321761369705200e-01
4.577577486634254456e-02
9.434559941291809082e-02
1.065511927008628845e-01
3.663169965147972107e-02
-1.350917667150497437e-01
1.936272345483303070e-02
-1.310894545167684555e-02
8.916791528463363647e-02
-1.019740011543035507e-02
-1.295688152313232422e-01
-1.332977861166000366e-01
2.274689264595508575e-03
-6.294427812099456787e-02
-1.850332133471965790e-02
5.997539684176445007e-02
8.613495528697967529e-02
-1.363468915224075317e-01
-1.411532610654830933e-02
1.544256508350372314e-02
-2.775168418884277344e-02
-7.862414233386516571e-03
-1.445936709642410278e-01
1.233436167240142822e-02
5.248984321951866150e-02
7.596062496304512024e-03
1.456700265407562256e-03
3.954631835222244263e-02
-2.936943061649799347e-02
-2.136187255382537842e-02
1.023733615875244141e-02
1.377717778086662292e-02
2.627595141530036926e-02
5.894433706998825073e-02
-4.501499980688095093e-02
-7.874965667724609375e-02
-3.843281418085098267e-02
-9.014538675546646118e-02
-2.727777138352394104e-02
7.482857257127761841e-02
-3.274254500865936279e-02
1.122721843421459198e-02
1.125954315066337585e-01
3.157794848084449768e-02
9.993401914834976196e-02
8.491172641515731812e-02
-1.761317253112792969e-01
-4.413914978504180908e-01
2.373853325843811035e-01
-1.198321506381034851e-01
-1.328807473182678223e-01
9.671267122030258179e-02
4.444091115146875381e-03
-7.698949892073869705e-03
-1.297542639076709747e-02
3.595564886927604675e-02
-5.025693401694297791e-02
1.231349352747201920e-02
2.723426558077335358e-02
1.009508892893791199e-01
-7.753958459943532944e-03
1.051829457283020020e-01
1.300859004259109497e-01
9.564066305756568909e-03
2.093551307916641235e-02
