6.762074679136276245e-02
-9.620821103453636169e-03
-1.155905798077583313e-02
8.727528154850006104e-02
5.379963666200637817e-02
1.454224716871976852e-02
-1.958452165126800537e-02
1.554214302450418472e-02
-2.688764594495296478e-02
-1.434093713760375977e-02
-2.814968815073370934e-03
2.107722871005535126e-02
2.598171588033437729e-03
1.377952545881271362e-01
-8.045841753482818604e-02
-2.073283046483993530e-01
-3.945665434002876282e-02
3.811362013220787048e-02
-9.184166789054870605e-02
2.048872709274291992e-01
-4.044340178370475769e-02
1.375849843025207520e-01
-8.024852722883224487e-02
-1.364765223115682602e-03
-8.294314146041870117e-03
1.240097731351852417e-02
1.135108098387718201e-01
-2.440240792930126190e-02
4.672005400061607361e-02
-5.764539353549480438e-03
7.402814924716949463e-02
-1.117209438234567642e-02
-4.575470089912414551e-02
3.767046844586730003e-03
-2.376759499311447144e-01
1.758809685707092285e-01
2.275215648114681244e-02
-1.819293946027755737e-02
2.598085068166255951e-02
1.350420713424682617e-02
-4.821861535310745239e-02
-8.175801485776901245e-03
-4.243507981300354004e-02
1.572129577398300171e-01
-1.811652816832065582e-02
-1.102654542773962021e-02
-1.236185953021049500e-01
-4.412690550088882446e-02
-2.315112389624118805e-03
-1.064256206154823303e-02
-6.253754254430532455e-03
1.378010809421539307e-01
7.341097295284271240e-02
-4.753311723470687866e-02
3.562806919217109680e-02
5.228005722165107727e-02
2.276768907904624939e-02
2.987490408122539520e-02
7.391119003295898438e-02
2.130261063575744629e-02
-9.971381723880767822e-02
3.863858059048652649e-02
-3.785086423158645630e-02
6.164813414216041565e-02
-7.636517984792590141e-04
-1.185341924428939819e-01
-1.653283983469009399e-01
2.998088113963603973e-02
-6.476636976003646851e-02
-2.341048792004585266e-02
1.778573729097843170e-02
6.608459353446960449e-02
-1.461886018514633179e-01
-2.388417162001132965e-02
-2.422519400715827942e-02
-3.267797827720642090e-02
1.687330007553100586e-02
-9.628778696060180664e-02
1.370335742831230164e-02
4.117997363209724426e-02
-3.804489038884639740e-03
8.358004502952098846e-03
7.193958759307861328e-02
-5.705046281218528748e-02
-4.151485487818717957e-02
-1.516275666654109955e-02
5.368937179446220398e-02
8.642443455755710602e-03
5.532736703753471375e-02
-4.947217553853988647e-02
-8.044023066759109497e-02
-1.960635930299758911e-02
-1.102468222379684448e-01
-9.364914149045944214e-03
7.225930690765380859e-02
-2.681403793394565582e-02
2.479807939380407333e-03
7.304541766643524170e-02
1.360650062561035156e-01
1.123103126883506775e-01
9.895956516265869141e-02
-9.341640770435333252e-02
-1.463639736175537109e-01
-8.513474464416503906e-02
-3.620114549994468689e-02
-8.892684429883956909e-02
1.061924919486045837e-01
-4.698964767158031464e-03
-1.675138715654611588e-03
-2.978086844086647034e-02
3.319679573178291321e-02
4.914675652980804443e-02
7.596851885318756104e-02
-2.221893751993775368e-03
3.082433948293328285e-03
4.699224140495061874e-03
3.365586325526237488e-02
5.415595695376396179e-02
3.318787738680839539e-02
3.724384587258100510e-03
