8.945921063423156738e-02
-5.946827530860900879e-01
2.954212129116058350e-01
8.150646686553955078e-01
6.384820342063903809e-01
-1.019141316413879395e+00
-5.609329938888549805e-01
-1.845523566007614136e-01
2.658714652061462402e-01
4.108969494700431824e-02
6.222621202468872070e-01
-4.674927294254302979e-01
-2.228696048259735107e-01
4.036636650562286377e-01
3.577689528465270996e-01
2.710317671298980713e-01
-5.188143849372863770e-01
1.158143505454063416e-01
9.482464790344238281e-01
1.632260084152221680e-01
-7.634470462799072266e-01
-1.576143622398376465e+00
5.001870393753051758e-01
3.695779740810394287e-01
-9.834088683128356934e-01
5.839409232139587402e-01
-2.961007058620452881e-01
4.495387375354766846e-01
-5.297199487686157227e-01
-5.973594188690185547e-01
