-4.912027344107627869e-02
-4.372178018093109131e-01
-4.056617319583892822e-01
-1.904413700103759766e-01
3.431802093982696533e-01
4.389516264200210571e-02
-1.280489191412925720e-02
-8.019880624487996101e-04
-2.989070526382420212e-05
-1.784228370524942875e-04
1.260820627212524414e-01
-5.268658995628356934e-01
-5.968558043241500854e-02
8.470915555953979492e-01
-2.415054291486740112e-01
-9.327000975608825684e-01
-3.635977953672409058e-02
1.114391386508941650e-01
4.349619746208190918e-01
-3.482886850833892822e-01
-1.065665721893310547e+00
-4.591619968414306641e-02
4.923672601580619812e-02
-4.032920300960540771e-01
1.977963984245434403e-04
1.012636542320251465e+00
-1.456455469131469727e+00
-2.216503173112869263e-01
-3.885176777839660645e-01
-1.500820219516754150e-01
4.230688512325286865e-01
-1.593431681394577026e-01
7.476865649223327637e-01
1.730020403861999512e+00
4.020727872848510742e-01
-6.576793789863586426e-01
2.443065494298934937e-01
-2.733636796474456787e-01
-1.084637790918350220e-01
1.089886546134948730e+00
5.977638997137546539e-03
-1.031722422339953482e-04
-3.174567967653274536e-02
-5.882019996643066406e-01
-2.013773918151855469e-01
5.403890013694763184e-01
-2.105776548385620117e+00
-4.712517261505126953e-01
-4.724075188278220594e-05
-8.280659094452857971e-03
-5.264880880713462830e-02
-1.642958968877792358e-01
-2.583751678466796875e-01
-2.753476202487945557e-01
1.726334728300571442e-02
-1.626822631806135178e-03
-6.418631412088871002e-03
-1.072119235992431641e+00
1.173317804932594299e-02
4.709655642509460449e-01
-6.327793747186660767e-02
-6.897763609886169434e-01
2.705455990508198738e-03
3.785296157002449036e-02
-9.852154254913330078e-01
1.842038333415985107e-01
1.073424331843852997e-02
3.226943016052246094e-01
-6.303256750106811523e-01
5.081373383291065693e-04
1.654034829698503017e-03
-8.391366600990295410e-01
5.359160304069519043e-01
-2.619906663894653320e-01
-2.594451606273651123e-01
-1.486883878707885742e+00
-3.109250962734222412e-01
5.109263658523559570e-01
2.638294696807861328e-01
-1.677468069829046726e-03
-1.143547594547271729e-01
-2.363857068121433258e-02
-8.145221471786499023e-01
3.124306676909327507e-03
1.246608123183250427e-01
6.899151951074600220e-02
2.091989666223526001e-01
8.800852298736572266e-01
3.784922882914543152e-02
-7.881205081939697266e-01
7.673423290252685547e-01
6.933416589163243771e-04
1.658468693494796753e-01
-2.199593186378479004e-02
9.500198066234588623e-04
2.268877744674682617e+00
8.376966714859008789e-01
-5.341794894775375724e-05
-1.943531185388565063e-01
1.308702349662780762e+00
1.228083252906799316e+00
3.337230009492486715e-04
7.368600368499755859e-02
8.138260245323181152e-01
-3.958869278430938721e-01
-1.796749274944886565e-04
-8.232510685920715332e-01
1.196710914373397827e-01
2.665261030197143555e-01
-7.474272251129150391e-01
9.353962540626525879e-02
-1.598025411367416382e-01
-1.283834426430985332e-04
-3.640462458133697510e-01
3.846316412091255188e-02
5.519535765051841736e-02
1.588607951998710632e-02
-7.296511530876159668e-02
1.193688035011291504e+00
6.857581138610839844e-01
6.586970686912536621e-01
4.963738918304443359e-01
6.831891536712646484e-01
4.383111663628369570e-04
-1.179975420236587524e-01
9.061579108238220215e-01
4.991011619567871094e-01
-1.755838990211486816e-01
1.000488281250000000e+00
-9.340988099575042725e-02
-6.931391954421997070e-01
-1.503057003021240234e+00
9.549009799957275391e-01
2.539261768106371164e-04
-8.203129768371582031e-01
-5.652269721031188965e-01
-9.312769025564193726e-02
-1.618409037590026855e+00
-2.209627389907836914e+00
9.454087018966674805e-01
1.337553858757019043e+00
1.046663999557495117e+00
-1.150051832199096680e+00
-1.549987196922302246e+00
1.252375222975388169e-04
-2.828198373317718506e-01
4.014575779438018799e-01
2.774243354797363281e-01
-3.767433166503906250e-01
-1.271143928170204163e-02
1.443353772163391113e+00
-2.749476671218872070e+00
1.760482192039489746e-01
-1.317131876945495605e+00
1.310680210590362549e-01
-4.962635636329650879e-01
-5.968654155731201172e-01
-6.282944814302027225e-04
1.399827152490615845e-01
1.161067724227905273e+00
8.638694882392883301e-02
-8.267834782600402832e-02
-6.140463948249816895e-01
-5.205854177474975586e-01
7.434400916099548340e-01
3.350713523104786873e-04
-5.595205426216125488e-01
-2.722311913967132568e-01
-8.563014864921569824e-01
-1.281098574399948120e-01
-9.219765197485685349e-04
3.206336498260498047e-01
2.601612686703447253e-05
7.155576944351196289e-01
-1.011546373367309570e+00
-2.552897632122039795e-01
1.781064122915267944e-01
-5.859826207160949707e-01
-3.950566649436950684e-01
-1.367947697872295976e-04
2.436770312488079071e-02
5.993618369102478027e-01
9.340564012527465820e-01
-2.135496586561203003e-02
-8.484011050313711166e-04
8.014410138130187988e-01
-1.099000692367553711e+00
-2.350695867789909244e-04
-4.730319678783416748e-01
-7.365854084491729736e-02
-6.330383010208606720e-03
1.295495033264160156e-02
1.301368176937103271e-01
-6.648079156875610352e-01
2.167342305183410645e-01
-7.693638652563095093e-02
-1.505444571375846863e-02
3.028308451175689697e-01
-2.119329571723937988e-01
-1.354153037071228027e+00
-1.760600862326100469e-04
-4.166897535324096680e-01
-9.134666323661804199e-01
9.444530606269836426e-01
1.427495572715997696e-02
1.368763208389282227e+00
1.657381892204284668e+00
5.207921843975782394e-03
-2.295749436598271132e-05
-6.306086182594299316e-01
-1.238480359315872192e-01
5.467348098754882812e-01
-1.500124692916870117e+00
3.119608163833618164e-01
6.525998115539550781e-01
3.802606463432312012e-02
3.002722263336181641e-01
2.486589431762695312e+00
-7.882290482521057129e-01
-1.812543869018554688e-01
-3.797570765018463135e-01
9.741609692573547363e-01
-9.837276488542556763e-02
-3.387437462806701660e-01
-1.192524671554565430e+00
4.762556403875350952e-02
-1.258330941200256348e+00
8.704045414924621582e-01
2.055916070938110352e+00
2.322062849998474121e-01
7.655202876776456833e-03
9.438154101371765137e-02
-5.985742973280139267e-05
2.559688985347747803e-01
2.602123737335205078e+00
-5.517050158232450485e-04
7.624429464340209961e-01
1.245884776115417480e+00
1.537189483642578125e+00
2.100225448608398438e+00
9.232037700712680817e-05
-9.562422633171081543e-01
6.725540757179260254e-01
-1.097938325256109238e-02
-1.275693655014038086e+00
-4.537069797515869141e-01
2.694869227707386017e-02
-1.655882298946380615e-01
-1.002682447433471680e+00
3.751097440719604492e+00
-4.392037391662597656e-01
1.115518825827166438e-04
9.167500684270635247e-05
1.766081929206848145e+00
1.773313730955123901e-01
7.835679054260253906e-01
8.445509672164916992e-01
-3.884740173816680908e-02
5.572564550675451756e-04
-8.665660768747329712e-02
1.631990373134613037e-01
-7.613693177700042725e-02
-5.402424721978604794e-04
3.138058781623840332e-01
4.227309226989746094e-01
-5.479586124420166016e-01
2.801031172275543213e-01
3.747847974300384521e-01
2.371437102556228638e-02
6.655568480491638184e-01
-4.501044452190399170e-01
-1.593875527381896973e+00
9.717774810269474983e-05
-2.790191397070884705e-02
-5.336113646626472473e-02
-9.971313476562500000e-01
-2.216544467955827713e-03
1.853920402936637402e-04
-4.054734706878662109e-01
-2.825738862156867981e-02
-1.899499744176864624e-01
3.115314841270446777e-01
7.474078536033630371e-01
-2.389562129974365234e-01
-9.821095317602157593e-02
-8.048138767480850220e-02
5.406515300273895264e-02
-7.848088741302490234e-01
-3.553129136562347412e-01
7.688344120979309082e-01
2.306801179656758904e-04
9.053727262653410435e-05
1.584599733352661133e+00
6.444647312164306641e-01
-4.898332554148510098e-05
-1.110120177268981934e+00
2.357412278652191162e-01
-1.395163536071777344e+00
-2.806186914443969727e+00
-1.337305293418467045e-04
6.471111555583775043e-04
8.579246997833251953e-01
2.219542413949966431e-01
1.807003718568012118e-04
-6.569243073463439941e-01
7.167997537180781364e-04
1.346419192850589752e-02
1.212328374385833740e-01
4.876166284084320068e-01
-5.089171230792999268e-02
-7.203410267829895020e-01
1.646591536700725555e-02
-2.261329814791679382e-02
2.162852525711059570e+00
6.532509326934814453e-01
-7.537429337389767170e-04
-1.416880637407302856e-01
1.336624145507812500e+00
-7.963535934686660767e-02
-1.750726848840713501e-01
-1.045934081077575684e+00
3.505766987800598145e-01
-6.934554129838943481e-02
-1.586598373251035810e-04
-4.923731088638305664e-01
-7.553051114082336426e-01
9.611000120639801025e-02
2.884379625320434570e-01
-3.408634074730798602e-05
-3.423248529434204102e-01
-1.145174741744995117e+00
4.016442000865936279e-01
6.083031296730041504e-01
6.637087062699720263e-05
1.677933812141418457e+00
-1.123477458953857422e+00
2.079194784164428711e-01
-7.820410132408142090e-01
5.639836192131042480e-01
-4.300279833842068911e-04
-7.703043520450592041e-02
1.405561119318008423e-01
2.453672438859939575e-01
2.479931281413882971e-04
-9.874004721641540527e-01
6.225194036960601807e-02
-1.117588877677917480e+00
-7.949639111757278442e-02
-4.279641434550285339e-04
1.351511955261230469e+00
-3.801355063915252686e-01
5.557536496780812740e-04
-1.285664038732647896e-04
2.296949177980422974e-01
5.426222924143075943e-04
7.825708389282226562e-01
-2.341821491718292236e-01
-8.617045730352401733e-02
1.170938014984130859e-01
-1.164532545953989029e-02
-9.255407005548477173e-02
1.281310439109802246e+00
1.398207187652587891e+00
1.360990805551409721e-03
-6.650630235671997070e-01
-1.404521465301513672e+00
-1.013929769396781921e-01
3.097030275966972113e-04
3.072060935664921999e-04
-1.274080574512481689e-01
-9.529637694358825684e-01
7.647154331207275391e-01
4.208462312817573547e-03
7.419764399528503418e-01
-4.822573973797261715e-04
1.124937415122985840e+00
2.474911659955978394e-01
6.126762032508850098e-01
9.110997915267944336e-01
-1.034332215785980225e-01
-7.828459143638610840e-01
-8.812841773033142090e-01
-1.012114156037569046e-02
-1.337800621986389160e+00
-4.526397287845611572e-01
-1.207637687912210822e-04
2.385714799165725708e-01
-8.378785252571105957e-01
1.722624748945236206e-01
-2.084583102259784937e-04
-4.343399107456207275e-01
-1.922962255775928497e-02
-2.507878839969635010e-01
7.432720810174942017e-02
1.559403091669082642e-01
-1.428429782390594482e-01
3.299744054675102234e-02
3.752847015857696533e-01
-1.250074625015258789e+00
-4.893161654472351074e-01
4.563358426094055176e-01
-3.537796735763549805e-01
1.575820206198841333e-04
-5.020969733595848083e-02
3.859802782535552979e-01
1.602414995431900024e-02
-6.220807507634162903e-02
8.498898893594741821e-02
5.389385819435119629e-01
-2.078032940626144409e-01
3.674369654618203640e-04
-9.034134745597839355e-01
-3.914634585380554199e-01
-1.399997621774673462e-02
3.467713296413421631e-01
7.168619777075946331e-04
-1.039532303810119629e+00
8.407521247863769531e-01
-1.073109087883494794e-04
-1.331194024533033371e-02
-1.928325928747653961e-02
3.506686091423034668e-01
-4.771779931616038084e-04
1.544161558151245117e+00
-2.954154834151268005e-02
-7.724700844846665859e-05
4.116294085979461670e-01
8.197973668575286865e-02
1.301382295787334442e-02
4.537455097306519747e-04
2.435491085052490234e-01
6.603655815124511719e-01
3.563292920589447021e-01
3.334441781044006348e-01
-1.703351177275180817e-02
6.145001053810119629e-01
2.012972235679626465e-01
8.103244006633758545e-02
-1.721140183508396149e-02
5.079661607742309570e-01
-1.991893798112869263e-01
-6.777774691581726074e-01
-1.847102791070938110e-01
-1.088059943867847323e-04
2.032104879617691040e-01
5.940270796418190002e-02
3.907506167888641357e-01
9.582864046096801758e-01
-3.735262528061866760e-02
-7.785842418670654297e-01
1.032844632863998413e-01
-1.942646224051713943e-03
1.832194089889526367e+00
-4.147056639194488525e-01
-1.143148303031921387e+00
3.981611225754022598e-04
2.384463005000725389e-04
-5.159597843885421753e-02
9.690785408020019531e-02
8.735062479972839355e-01
6.439096927642822266e-01
2.135228365659713745e-02
6.668929755687713623e-02
-3.494611680507659912e-01
6.669555604457855225e-02
-7.590753585100173950e-02
2.009848540183156729e-04
1.507584452629089355e-01
-7.486762106418609619e-02
3.832421079277992249e-02
5.325198173522949219e-01
7.378695905208587646e-02
-2.410560287535190582e-02
-8.254328966140747070e-01
4.064135253429412842e-01
-1.223919243784621358e-04
-6.851326324976980686e-04
-2.126134932041168213e-01
-4.290181770920753479e-02
-1.251426190137863159e-01
1.421287655830383301e-02
-1.265730112791061401e-01
-2.521688342094421387e-01
-4.374739527702331543e-01
-1.093163609504699707e+00
1.218892097473144531e+00
4.663370491471141577e-04
3.378543853759765625e-01
5.739805698394775391e-01
2.565587498247623444e-02
-6.765743345022201538e-02
9.513576626777648926e-01
4.477103352546691895e-01
-7.311312556266784668e-01
-3.247053623199462891e-01
-8.231715857982635498e-02
-7.968583703041076660e-01
-3.471922129392623901e-02
4.138104850426316261e-04
-9.141013026237487793e-03
3.119670450687408447e-01
-2.734847068786621094e-01
8.508747123414650559e-05
1.539468765258789062e-01
-1.668255135882645845e-04
-6.833929419517517090e-01
3.134350776672363281e-01
8.036323124542832375e-04
8.935436606407165527e-02
2.192561887204647064e-02
-6.321269273757934570e-01
4.155727475881576538e-02
-3.921419382095336914e-01
-3.147295415401458740e-01
1.528690010309219360e-01
-2.482132613658905029e-01
-1.796387732028961182e-01
2.323798239231109619e-01
-1.024243887513875961e-02
6.986618041992187500e-02
2.619854211807250977e-01
-7.101517985574901104e-04
2.475017011165618896e-01
-2.545761168003082275e-01
-1.940231025218963623e-02
-3.621284558903425932e-04
2.068631201982498169e-01
-1.715367397991940379e-04
9.769961237907409668e-01
-3.468740731477737427e-02
4.960949122905731201e-01
-3.395115137100219727e-01
3.165048360824584961e-01
1.256719380617141724e-01
1.687797009944915771e-01
7.255230844020843506e-02
-1.628167480230331421e-01
-5.575720071792602539e-01
-5.181313753128051758e-01
2.158232778310775757e-01
-1.673963665962219238e-01
1.145595451816916466e-03
-5.477461218833923340e-02
4.641830027103424072e-01
-1.777962752385064960e-04
-8.096638917922973633e-01
-7.930743098258972168e-01
-1.916082692332565784e-04
1.262694001197814941e+00
-1.815159767866134644e-01
3.176826867274940014e-04
9.665931463241577148e-01
-2.949732840061187744e-01
1.440862542949616909e-04
-8.354085087776184082e-01
-9.802913665771484375e-01
8.965758681297302246e-01
3.022956550121307373e-01
-2.426147311925888062e-01
-5.474411249160766602e-01
3.448061347007751465e-01
9.013119852170348167e-04
-4.754458069801330566e-01
5.312432721257209778e-02
1.390582919120788574e-01
-1.767970025539398193e-01
5.680418014526367188e-01
-1.959383964538574219e+00
8.199474215507507324e-02
4.781135916709899902e-01
-8.229194581508636475e-02
2.982038445770740509e-02
-4.665276110172271729e-01
-2.822965616360306740e-04
-4.023282825946807861e-01
-4.816821217536926270e-02
4.252244234085083008e-01
6.903616786003112793e-01
1.101541519165039062e+00
-4.090107083320617676e-01
8.322032690048217773e-01
6.126655936241149902e-01
9.981426410377025604e-04
9.108995199203491211e-01
7.143471240997314453e-01
-2.136531621217727661e-01
1.403274536132812500e+00
-6.984132528305053711e-01
1.242700099945068359e+00
8.927685022354125977e-01
-2.145944595336914062e+00
-1.933353487402200699e-03
1.263218291569501162e-04
1.152088399976491928e-02
5.198495984077453613e-01
-1.006375432014465332e+00
4.433387517929077148e-01
-4.238351285457611084e-01
-9.805279970169067383e-01
-3.137039244174957275e-01
6.587384343147277832e-01
-1.319528937339782715e+00
-6.595106124877929688e-01
-8.238145709037780762e-02
-3.033835964743047953e-04
-1.128566384315490723e+00
7.909688353538513184e-01
7.655779481865465641e-04
-9.858845174312591553e-02
1.439744373783469200e-03
-9.906331979436799884e-05
-3.982777707278728485e-05
-7.023233175277709961e-01
1.838940009474754333e-02
1.648725196719169617e-02
-3.003082796931266785e-02
-4.835217818617820740e-02
-9.191934019327163696e-02
2.779718041419982910e-01
-1.470637274906039238e-03
1.658551394939422607e-01
-6.843500733375549316e-01
2.138451933860778809e-01
-1.426591537892818451e-03
2.814457416534423828e-01
8.953645825386047363e-01
-7.054044604301452637e-01
1.037831082940101624e-01
-1.981262862682342529e-01
2.572720348834991455e-01
3.802516162395477295e-01
-1.705155670642852783e-01
-5.024074316024780273e-01
4.118400812149047852e-02
1.658612251281738281e+00
-4.840685427188873291e-02
-3.056516125798225403e-02
6.486335396766662598e-01
4.071981529705226421e-04
1.724058747291564941e+00
-1.043166041374206543e+00
7.230393588542938232e-02
-4.326426684856414795e-01
7.658673524856567383e-01
2.194387167692184448e-01
-6.322126835584640503e-02
-6.403396400855854154e-05
-2.144918107660487294e-05
-6.062173843383789062e-01
-6.594141572713851929e-02
2.853107871487736702e-04
-1.110555648803710938e+00
2.507698908448219299e-02
-7.951876521110534668e-02
-4.885634407401084900e-03
-3.709268639795482159e-04
-2.333174198865890503e-01
1.088134758174419403e-02
6.315822713077068329e-03
3.173825144767761230e-01
3.504955396056175232e-02
6.402048165909945965e-05
2.688975946512073278e-04
-1.617723889648914337e-02
5.806062836199998856e-04
3.662829101085662842e-02
1.162716388702392578e+00
-6.462361488956958055e-05
-3.433953970670700073e-04
-8.146324753761291504e-02
3.501316905021667480e-01
-5.095512419939041138e-02
-3.162404289469122887e-03
-3.027228415012359619e-01
4.086041152477264404e-01
7.993049174547195435e-02
-7.434426546096801758e-01
1.214931835420429707e-03
5.719019770622253418e-01
-2.878421801142394543e-04
1.048938065650872886e-04
-1.971852332353591919e-01
2.299580872058868408e-01
3.801480308175086975e-02
6.471452713012695312e-01
-1.096460223197937012e+00
-1.890105754137039185e-01
-3.438904881477355957e-02
4.323433935642242432e-01
-7.681128382682800293e-01
4.248243197798728943e-02
-1.509253621101379395e+00
-3.775849193334579468e-02
-2.378572523593902588e-01
-8.062551170587539673e-02
5.913631319999694824e-01
-1.489835977554321289e-01
-5.620614290237426758e-01
1.807134151458740234e-01
6.211851141415536404e-04
7.916553020477294922e-01
1.046505451202392578e+00
-6.561231613159179688e-01
-8.984231352806091309e-01
1.349091529846191406e-01
5.106998607516288757e-02
-8.281822204589843750e-01
-1.135184839367866516e-01
-2.116005198331549764e-04
4.357750061899423599e-03
2.125284373760223389e-01
8.227288722991943359e-01
1.544244878459721804e-04
4.058375954627990723e-02
1.400570869445800781e-01
-1.078765511512756348e+00
-1.331706643104553223e-01
-1.207483530044555664e+00
9.616733193397521973e-01
8.127496112138032913e-04
-1.534383860416710377e-03
-1.281557083129882812e+00
-5.148129421286284924e-04
-1.487998962402343750e-01
-4.160987958312034607e-02
3.579776239348575473e-05
1.247371658682823181e-01
-3.005755245685577393e-01
1.063091307878494263e-01
8.217782974243164062e-01
8.528432846069335938e-01
7.811412215232849121e-01
6.160737872123718262e-01
3.809561603702604771e-04
2.284555733203887939e-01
1.567077517509460449e+00
-5.042788758873939514e-02
-4.756338894367218018e-01
7.787311673164367676e-01
-2.057372927665710449e-01
1.395684331655502319e-01
3.357387781143188477e-01
-1.027658254315610975e-05
-5.739058256149291992e-01
-1.703708022832870483e-01
-1.201430201530456543e+00
8.946133852005004883e-01
7.595637347549200058e-03
8.381490111351013184e-01
1.340258836746215820e+00
-2.328042685985565186e-01
-1.741277694702148438e+00
-2.076815217733383179e-01
9.398075342178344727e-01
-5.656893253326416016e-01
-4.172662198543548584e-01
1.188534200191497803e-01
1.971450401470065117e-03
-1.089993834495544434e+00
-3.825082182884216309e-01
-7.852710038423538208e-02
-2.436230778694152832e-01
2.245709747076034546e-01
1.407220959663391113e+00
4.910342097282409668e-01
-1.808625966077670455e-04
1.614900976419448853e-01
5.527634173631668091e-02
8.487893640995025635e-02
9.074325561523437500e-01
2.319674240425229073e-04
5.910267829895019531e-01
1.662555217742919922e+00
-3.414418995380401611e-01
-1.228613546118140221e-04
-8.853061497211456299e-02
5.860201120376586914e-01
-3.830162286758422852e-01
-2.573137637227773666e-03
6.666440367698669434e-01
1.701509393751621246e-02
5.486679822206497192e-02
-3.054061174392700195e+00
-1.588045358657836914e-01
1.206468732561916113e-05
4.013700187206268311e-01
-6.709078326821327209e-03
5.972464680671691895e-01
-4.464662633836269379e-04
-3.455014824867248535e-01
-1.123780846595764160e+00
2.616801857948303223e-01
5.717886686325073242e-01
-2.218268632888793945e+00
-4.103452956769615412e-04
3.569990512914955616e-04
1.088236570358276367e+00
-1.602672100067138672e+00
3.610729239881038666e-03
-1.216056663542985916e-02
1.886086910963058472e-02
-6.792146563529968262e-01
1.079433783888816833e-01
-2.985785529017448425e-02
1.041384190320968628e-01
1.058145642280578613e+00
-1.449487209320068359e+00
6.881054490804672241e-02
8.468425273895263672e-01
-6.744096875190734863e-01
-4.642309620976448059e-02
9.779339283704757690e-02
-1.785949990153312683e-02
3.577553033828735352e-01
2.147400081157684326e-01
-3.324938565492630005e-02
1.341355890035629272e-01
5.895567010156810284e-04
4.321087524294853210e-02
7.597533464431762695e-01
-5.611840635538101196e-02
-9.687405824661254883e-01
-1.209736943244934082e+00
-3.873834609985351562e-01
-1.181354999542236328e+00
4.160501956939697266e-01
1.246495485305786133e+00
7.373538613319396973e-01
-2.084094658493995667e-02
-7.452270388603210449e-01
-6.214814186096191406e-01
1.194935515522956848e-01
1.038585826754570007e-01
-9.552246928215026855e-01
-3.378716856241226196e-02
3.009734153747558594e-01
-9.569382071495056152e-01
3.394693732261657715e-01
-2.387758577242493629e-04
-3.206389374099671841e-04
-7.149371958803385496e-05
4.385189968161284924e-04
5.287666320800781250e-01
-3.448759019374847412e-02
1.950158923864364624e-02
5.055803922004997730e-04
2.547335922718048096e-01
-3.370263800024986267e-02
5.515073891729116440e-03
-1.346226548776030540e-03
-6.440559029579162598e-01
-1.011287927627563477e+00
-1.155374455265700817e-03
-1.067734479904174805e+00
-6.023268103599548340e-01
-7.434800267219543457e-01
1.781166315078735352e+00
3.517200425267219543e-02
-9.205418825149536133e-02
6.346861720085144043e-01
1.794922947883605957e+00
7.897537946701049805e-01
-2.120909214019775391e+00
-3.709945380687713623e-01
7.517554759979248047e-01
-7.647930178791284561e-04
5.020588636398315430e-01
-3.971339017152786255e-02
9.675162434577941895e-01
-2.851876318454742432e-01
1.416472941637039185e-01
8.364628553390502930e-01
5.355829596519470215e-01
-1.044388532638549805e+00
-1.230506449937820435e-01
2.457330673933029175e-01
1.379116326570510864e-01
-2.921074815094470978e-02
1.698132008314132690e-01
5.261246114969253540e-04
7.247495651245117188e-01
7.013611495494842529e-02
7.484049201011657715e-01
-1.309989243745803833e-01
-2.546492516994476318e-01
-1.496057808399200439e-01
-4.620717372745275497e-04
6.037283539772033691e-01
-4.046948552131652832e-01
-1.241261791437864304e-02
2.021354339376557618e-05
5.184145411476492882e-04
2.517505199648439884e-04
5.841994285583496094e-01
-6.413348913192749023e-01
-4.643254354596138000e-02
-1.285922829993069172e-03
-6.173789128661155701e-02
-9.301277399063110352e-01
5.690212845802307129e-01
4.463210999965667725e-01
-2.191386818885803223e-01
-2.549502823967486620e-04
-4.538349509239196777e-01
1.346346084028482437e-02
-6.489906227216124535e-04
-6.027380228042602539e-01
-4.926514029502868652e-01
9.580684304237365723e-01
2.110016976075712591e-05
-2.554924786090850830e-01
-1.031449501169845462e-04
4.281629323959350586e-01
-3.173112054355442524e-04
-3.778728205361403525e-05
-4.319279491901397705e-01
6.326424479484558105e-01
1.354551059193909168e-04
3.123758733272552490e-01
-5.725542828440666199e-02
3.139962852001190186e-01
4.412776324898004532e-03
2.075965749099850655e-04
4.815097153186798096e-01
-3.841896355152130127e-01
-9.213531762361526489e-02
3.211435973644256592e-01
-2.117213010787963867e-01
-3.345307335257530212e-02
-6.171280741691589355e-01
1.188806295394897461e+00
-1.299044787883758545e-01
3.928018808364868164e-01
-5.721467137336730957e-01
1.318435242865234613e-04
6.836067885160446167e-02
-9.580610990524291992e-01
-2.557064779102802277e-02
-2.475189268589019775e-01
1.163508817553520203e-01
-6.557709574699401855e-01
2.757878899574279785e-01
4.045586884021759033e-01
2.191688120365142822e-01
1.715973466634750366e-01
-7.607731968164443970e-02
-1.416339755058288574e+00
-2.693998999893665314e-02
-1.138193160295486450e-01
2.796910107135772705e-01
-2.221420109272003174e-01
-1.446378701075445861e-05
3.954240083694458008e-01
-9.109529852867126465e-02
-2.889557741582393646e-02
7.780331373214721680e-01
-7.960194945335388184e-01
-5.903137326240539551e-01
7.016374468803405762e-01
7.181695103645324707e-02
8.618910908699035645e-01
4.026085734367370605e-01
1.529802102595567703e-03
-3.179378807544708252e-01
-1.569560617208480835e-01
-1.685073133558034897e-03
1.398610038449987769e-04
-1.382546573877334595e-01
-2.483812570571899414e-01
-2.369782030582427979e-01
6.489331135526299477e-04
3.167594671249389648e-01
1.278733834624290466e-02
1.057196855545043945e-01
-8.929085731506347656e-02
1.153856702148914337e-02
-3.067385554313659668e-01
1.193883595988154411e-03
-3.516380488872528076e-02
-1.170283532701432705e-03
4.680841229856014252e-03
1.188606917858123779e-01
1.943849921226501465e-01
1.860442571341991425e-04
5.550609785132110119e-04
-1.220961809158325195e+00
-3.985217511653900146e-01
1.321439165621995926e-02
4.093080013990402222e-02
2.657850040122866631e-03
-3.542060852050781250e-01
4.296849295496940613e-02
3.752693533897399902e-01
-2.089067459106445312e+00
-1.884322264231741428e-04
-1.504439562559127808e-01
-4.657407999038696289e-01
-1.917277649044990540e-02
9.050178050529211760e-05
1.095607519149780273e+00
-8.763988316059112549e-02
-4.393523558974266052e-02
1.650373488664627075e-01
-1.321379899978637695e+00
4.799340292811393738e-02
-8.769217133522033691e-01
1.444878220558166504e+00
-1.045337095856666565e-01
-4.529418051242828369e-01
-1.094023704528808594e+00
-2.103435993194580078e-02
-1.415605425834655762e+00
-1.619383931159973145e+00
-5.498011596500873566e-04
8.992771618068218231e-04
1.438701001461595297e-04
4.880618155002593994e-01
-2.784834802150726318e-02
-5.963951349258422852e-01
-1.453628391027450562e-01
-4.661392420530319214e-02
4.538109933491796255e-04
-6.338763982057571411e-02
-1.399887561798095703e+00
