5.280959606170654297e-01
8.414360880851745605e-01
3.978306055068969727e-01
4.105983078479766846e-01
-3.657735586166381836e+00
-8.977976441383361816e-01
1.705193638801574707e+00
-1.276513576507568359e+00
-5.837795734405517578e-01
2.699671983718872070e+00
2.170683741569519043e-01
8.814588785171508789e-01
-2.634300947189331055e+00
-1.877297282218933105e+00
1.662569403648376465e+00
2.745970487594604492e+00
-4.783803522586822510e-01
1.698498725891113281e+00
8.548859357833862305e-01
1.004571914672851562e+00
1.419764995574951172e+00
8.324638009071350098e-01
5.434179306030273438e-01
9.277304410934448242e-01
-3.426123857498168945e-01
-5.587119460105895996e-01
-6.208624839782714844e-01
-1.280253887176513672e+00
5.940237268805503845e-02
-8.213341236114501953e-01
8.783953189849853516e-01
-9.497006535530090332e-01
