0.00033535013046647827
0.0003406293277334102
0.00034599160317821563
0.00035143826328079195
0.0003569706350376585
0.00036259006628322455
0.0003682979260160597
0.0003740956047302423
0.00037998451475186465
0.00038596609058077363
0.00039204178923762825
0.00039821309061635444
0.000404481497842081
0.00041084853763464054
0.0004173157606777203
0.00042388474199375005
0.00043055708132461515
0.0004373344035182829
0.00044421835892143453
0.0004512106237781924
0.00045831290063503833
0.00046552691875201545
0.00047285443452031094
0.0004802972318863165
0.00048785712278226614
0.0004955359475635507
0.0005033355754528116
0.0005112579049909175
0.0005193048644949273
0.0005274784125231483
0.0005357805383473946
0.0005442132624325578
0.0005527786369235998
0.0005614787461400805
0.0005703157070783362
0.0005792916699214218
0.000588408818556939
0.0005976693711028656
0.0006070755804415098
0.0006166297347617127
0.0006263341581094204
0.0006361912109467578
0.0006462032907197273
0.0006563728324346655
0.0006667023092435896
0.0006771942330385676
0.0006878511550552462
0.0006986756664856789
0.0007096703991005883
0.0007208380258812111
0.0007321812616608616
0.0007437028637763691
0.000755405632729528
0.0007672924128587183
0.0007793660930208436
0.0007916296072837434
0.0008040859356292358
0.000816738104666949
0.0008295891883591031
0.0008426423087564061
0.0008559006367452271
0.0008693673928062176
0.0008830458477845485
0.0008969393236719388
0.0009110511944006456
0.0009253848866495991
0.000939943880662856
0.0009547317110805597
0.0009697519677825863
0.0009850082967450698
0.0010005044009099892
0.001016244041068017
0.0010322310367548199
0.0010484692671610095
0.0010649626720559454
0.001081715252725594
0.0010987310729246432
0.0011160142598430915
0.001133569005087512
0.0011513995656772143
0.0011695102650555152
0.0011879054941163424
0.0012065897122463894
0.0012255674483830528
0.001244843302088375
0.0012644219446392277
0.0012843081201339701
0.0013045066466158169
0.0013250224172131615
0.0013458604012970927
0.0013670256456563565
0.0013885232756900103
0.0014103584966180234
0.0014325365947100797
0.001455062938532844
0.0014779429802159515
0.0015011822567369921
0.0015247863912257497
0.0015487610942879807
0.0015731121653489977
0.001597845494017344
0.001622967061468841
0.001648482941851289
0.0016743993037101194
0.0017007224114352882
0.0017274586267297023
0.0017546144100994876
0.0017821963223663931
0.0018102110262026491
0.0018386652876885782
0.0018675659778932812
0.001896920074478714
0.001926734663327476
0.0019570169401946337
0.0019877742123839124
0.0020190139004485816
0.0020507435399173784
0.002082970783045801
0.0021157034005931147
0.0021489492836254294
0.0021827164453451816
0.0022170130229473874
0.0022518472795030205
0.0022872276058698757
0.002323162522631283
0.002359660682063045
0.0023967308701289608
0.0024343820085053268
0.002472623156634775
0.0025114635138098543
0.0025509124212867193
0.002590979364429335
0.0026316739748845804
0.0026730060327886536
0.002714985469005177
0.0027576223673954105
0.0028009269671209745
0.0028449096649795017
0.002889581017773628
0.002934951744713739
0.002981032729854898
0.00302783502456838
0.003075369850048234
0.0031236485998533117
0.0031726828424851906
0.0032224843240024354
0.0032730649706716316
0.003324436891655638
0.0033766123817395017
0.003429603924094488
0.003483424193080669
0.0035380860570885385
0.003593602581420091
0.003649987031209839
0.003707252874386222
0.0037654137846738745
0.0038244836446372117
0.0038844765487658062
0.003945406806602024
0.004007288945911385
0.0040701377158961285
0.004133968090452447
0.004198795271471869
0.004264634692187273
0.004331502020563992
0.004399413162736491
0.004468384266491122
0.004538431724795384
0.00460957217937421
0.004681822524333738
0.004755199909833049
0.004829721745804342
0.004905405705722036
0.004982269730421261
0.00506033203196621
0.005139611097568846
0.005220125693558399
0.005301894869402151
0.005384937961777962
0.005469274598698994
0.005554924703691105
0.005641908500023352
0.00573024651499208
0.00581995958425901
0.0059110688562437974
0.006003595796571491
0.00609756219257531
0.006192990157855188
0.006289902136892484
0.006388320909721286
0.006488269596656706
0.006589771663080564
0.006692850924284857
0.00679753155037338
0.00690383807122188
0.0070117953814971086
0.007121428745735102
0.00723276380347905
0.007345826574477063
0.007460643463940167
0.007577241267860813
0.00769564717839219
0.007815888789288628
0.007937994101407322
0.008061991528271643
0.008187909901696237
0.00831577847747413
0.008445626941126034
0.008577485413711988
0.00871138445770551
0.008847355082930388
0.008985428752560178
0.009125637389180522
0.009268013380914326
0.009412589587609826
0.009559399347091532
0.00970847648147407
0.00985985530353879
0.01001357062317314
0.010169657753872616
0.010328152519305194
0.01048909125993802
0.010652510839726168
0.010818448652863188
0.010986942630593181
0.011158031248084036
0.011331753531361458
0.011508149064303405
0.011687257995694436
0.011869121046339477
0.012053779516236448
0.012241275291807165
0.012431650853185821
0.01262494928156441
0.012821214266594246
0.013020490113842828
0.013222821752305151
0.013428254741968524
0.013636835281429881
0.013848610215564577
0.014063627043245477
0.014281933925111156
0.014503579691381982
0.01472861384972268
0.014957086593149992
0.015189048807983952
0.01542455208184114
0.015663648711668327
0.015906391711814717
0.01615283482214096
0.01640303251616306
0.016657040009229063
0.016914913266726513
0.01717670901231841
0.017442484736205344
0.01771229870341145
0.017986209962091562
0.018264278351857018
0.018546564512117305
0.018833129890434695
0.019124036750888907
0.019419348182448608
0.019719128107346592
0.02002344128945525
0.020332353342658756
0.02064593073921845
0.020964240818127505
0.021287351793451058
0.021615332762647658
0.021948253714867853
0.022286185539225498
0.02262920003303726
0.02297736991002562
0.023330768808480493
0.023689471299374435
0.024053552894426178
0.024423090054107213
0.024798160195585662
0.02517884170060186
0.025565213923269596
0.025957357197796856
0.02635535284611976
0.026759283185443152
0.027169231535681054
0.02758528222679
0.02800752060598814
0.028436033044852666
0.02887090694628791
0.029312230751356326
0.02976009394596423
0.03021458706739398
0.030675801710674105
0.031143830534778465
0.03161876726864549
0.03210070671700819
0.03258974476602535
0.03308597838870414
0.03358950565010398
0.03410042571231152
0.03461883883917584
0.03514484640079327
0.035678550877730524
0.036220055864974746
0.03676946607559874
0.037326887344129464
0.0378924266296074
0.03846619201832429
0.03904829272622639
0.039638839100970026
0.040237942623616026
0.04084571590994932
0.041462272711409634
0.04208772791561885
0.04272219754649057
0.043365798763906775
0.04401864986294639
0.04468087027265021
0.045352580554306424
0.046033902399240385
0.04672495862609242
0.04742587317756679
0.04813677111663482
0.04885777862217491
0.04958902298403175
0.05033063259747689
0.051082736957052496
0.05184546664977984
0.05261895334771378
0.05340332979982424
0.05419872982318559
0.055005288293454156
0.055823141134614444
0.05665242530797385
0.057493278800385836
0.05834584061168107
0.059210250741285934
0.060086650174007626
0.06097518086496481
0.06187598572364272
0.06278920859705137
0.06371499425196535
0.06465348835622392
0.0656048374590693
0.06656918897050168
0.06754669113962912
0.06853749303199023
0.06954174450582809
0.07055959618729296
0.07159119944455249
0.07263670636078698
0.07369626970604846
0.07477004290796138
0.07585818002124356
0.07696083569602614
0.07807816514495095
0.07921032410902437
0.08035746882220708
0.08151975597471894
0.08269734267503885
0.08389038641057994
0.08509904500702026
0.08632347658627029
0.08756383952305867
0.08882029240011773
0.09009299396195185
0.09138210306717136
0.09268777863937605
0.09401017961657229
0.0953494648991095
0.09670579329612157
0.09807932347046004
0.09947021388210708
0.10087862273005654
0.10230470789265304
0.10374862686637973
0.10521053670308637
0.10669059394565121
0.10818895456207037
0.10970577387797076
0.11124120650754307
0.11279540628289322
0.1143685261818125
0.11596071825396678
0.11757213354550884
0.11920292202211757
0.12085323249047067
0.12252321251815919
0.1242130083520534
0.12592276483513232
0.12765262532179067
0.1294027315916391
0.13117322376181564
0.13296424019782926
0.1347759174229568
0.13660839002621938
0.1384617905689644
0.14033624949008322
0.14223189500989633
0.1441488530327406
0.14608724704829568
0.14804719803168948
0.1500288243424251
0.15203224162217427
0.15405756269148546
0.1561048974454574
0.1581743527484317
0.1602660323277607
0.16238003666671086
0.1645164628965632
0.1666754046879767
0.16885695214168317
0.17106119167858438
0.1732882059293266
0.17553807362342938
0.17781086947804958
0.18010666408646395
0.18242552380635635
0.18476751064800004
0.1871326821624266
0.18952109132967757
0.19193278644723683
0.19436781101874467
0.19682620364309852
0.19930799790404566
0.20181322226037884
0.20434189993684584
0.2068940488158881
0.20946968133032529
0.21206880435710532
0.21469141911224196
0.2173375210470625
0.22000709974589316
0.22270013882530884
0.22541661583507672
0.22815650216092537
0.23091976292927183
0.2337063569140403
0.2365162364457076
0.23934934732271168
0.24220562872535947
0.24508501313237172
0.24798742624020273
0.25091278688527247
0.2538610069692489
0.25683199138751883
0.25982563796098374
0.26284183737131667
0.26588047309981694
0.2689414213699951
0.27202455109402257
0.27512972382317524
0.2782567937024021
0.28140560742914383
0.28457600421652673
0.2877678157610531
0.29098086621490676
0.2942149721629888
0.2974699426047947
0.3007455789412415
0.30404167496654744
0.30735801686526387
0.310694383214554
0.31405054499180746
0.3174262655876759
0.320821300824607
0.32423539898095244
0.3276683008207139
0.3311197396289915
0.334589441253186
0.3380771241500058
0.341582499438317
0.34510527095787247
0.34864513533394575
0.35220178204788966
0.35577489351363034
0.35936414516010196
0.3629692055196168
0.36658973632215985
0.3702253925955866
0.3738758227716966
0.3775406687981454
0.38121956625614994
0.3849121444839335
0.3886180267058489
0.39233683016710835
0.39606816627404173
0.399811640739795
0.40356685373537454
0.40733340004593027
0.411110869232168
0.4148988457967688
0.4186969093556867
0.4225046348141883
0.42632159254749036
0.43014734858584286
0.43398146480389854
0.43782349911420193
0.4416730056646256
0.4455295350395727
0.44939263446475963
0.45326184801538616
0.45713671682749474
0.461016779312316
0.4649015713733885
0.46879062662624377
0.4726834766204329
0.47657965106367606
0.48047867804790706
0.4843800842769844
0.48828339529583464
0.4921881357207956
0.49609382947091957
0.5
0.5039061705290805
0.5078118642792044
0.5117166047041654
0.5156199157230156
0.5195213219520929
0.523420348936324
0.5273165233795671
0.5312093733737563
0.5350984286266115
0.5389832206876841
0.5428632831725052
0.5467381519846138
0.5506073655352404
0.5544704649604273
0.5583269943353744
0.5621765008857981
0.5660185351961015
0.5698526514141571
0.5736784074525096
0.5774953651858118
0.5813030906443133
0.5851011542032312
0.5888891307678319
0.5926665999540697
0.5964331462646254
0.600188359260205
0.6039318337259583
0.6076631698328917
0.6113819732941511
0.6150878555160665
0.6187804337438501
0.6224593312018546
0.6261241772283034
0.6297746074044134
0.6334102636778401
0.6370307944803831
0.640635854839898
0.6442251064863697
0.6477982179521103
0.6513548646660542
0.6548947290421275
0.658417500561683
0.6619228758499942
0.665410558746814
0.6688802603710086
0.672331699179286
0.6757646010190476
0.679178699175393
0.682573734412324
0.6859494550081925
0.689305616785446
0.6926419831347361
0.6959583250334526
0.6992544210587585
0.7025300573952054
0.7057850278370112
0.7090191337850932
0.712232184238947
0.7154239957834733
0.7185943925708561
0.7217432062975979
0.7248702761768248
0.7279754489059774
0.7310585786300049
0.734119526900183
0.7371581626286834
0.7401743620390163
0.7431680086124811
0.746138993030751
0.7490872131147275
0.7520125737597972
0.7549149868676283
0.7577943712746404
0.7606506526772884
0.7634837635542924
0.7662936430859597
0.7690802370707283
0.7718434978390747
0.7745833841649232
0.7772998611746911
0.7799929002541067
0.7826624789529376
0.785308580887758
0.7879311956428947
0.7905303186696747
0.7931059511841119
0.7956581000631541
0.7981867777396212
0.8006920020959544
0.8031737963569016
0.8056321889812553
0.8080672135527632
0.8104789086703224
0.8128673178375735
0.8152324893519999
0.8175744761936437
0.8198933359135361
0.8221891305219503
0.8244619263765707
0.8267117940706734
0.8289388083214156
0.8311430478583168
0.8333245953120233
0.8354835371034369
0.8376199633332891
0.8397339676722393
0.8418256472515682
0.8438951025545426
0.8459424373085146
0.8479677583778257
0.849971175657575
0.8519528019683106
0.8539127529517043
0.8558511469672594
0.8577681049901036
0.8596637505099167
0.8615382094310357
0.8633916099737806
0.8652240825770433
0.8670357598021706
0.8688267762381844
0.8705972684083608
0.8723473746782093
0.8740772351648677
0.8757869916479466
0.8774767874818407
0.8791467675095294
0.8807970779778823
0.8824278664544911
0.8840392817460332
0.8856314738181876
0.8872045937171068
0.888758793492457
0.8902942261220291
0.8918110454379297
0.8933094060543487
0.8947894632969136
0.8962513731336202
0.8976952921073469
0.8991213772699436
0.9005297861178929
0.90192067652954
0.9032942067038784
0.9046505351008904
0.9059898203834277
0.9073122213606241
0.9086178969328287
0.9099070060380482
0.9111797075998822
0.9124361604769412
0.9136765234137297
0.9149009549929797
0.91610961358942
0.9173026573249612
0.9184802440252811
0.9196425311777929
0.9207896758909757
0.9219218348550491
0.9230391643039738
0.9241418199787566
0.9252299570920387
0.9263037302939515
0.927363293639213
0.9284088005554476
0.9294404038127071
0.9304582554941719
0.9314625069680097
0.9324533088603709
0.9334308110294983
0.9343951625409306
0.9353465116437761
0.9362850057480346
0.9372107914029487
0.9381240142763573
0.9390248191350352
0.9399133498259924
0.9407897492587141
0.941654159388319
0.9425067211996141
0.9433475746920261
0.9441768588653856
0.9449947117065459
0.9458012701768145
0.9465966702001757
0.9473810466522862
0.94815453335022
0.9489172630429474
0.9496693674025232
0.9504109770159683
0.9511422213778251
0.9518632288833652
0.9525741268224331
0.9532750413739076
0.9539660976007597
0.9546474194456934
0.9553191297273498
0.9559813501370537
0.9566342012360932
0.9572778024535095
0.9579122720843811
0.9585377272885904
0.9591542840900507
0.9597620573763841
0.96036116089903
0.9609517072737735
0.9615338079816756
0.9621075733703927
0.9626731126558706
0.9632305339244013
0.9637799441350253
0.9643214491222695
0.9648551535992067
0.9653811611608242
0.9658995742876885
0.9664104943498959
0.9669140216112958
0.9674102552339746
0.9678992932829918
0.9683812327313545
0.9688561694652216
0.9693241982893259
0.9697854129326061
0.9702399060540357
0.9706877692486436
0.9711290930537122
0.9715639669551474
0.9719924793940118
0.9724147177732099
0.9728307684643189
0.9732407168145568
0.9736446471538801
0.9740426428022031
0.9744347860767304
0.9748211582993981
0.9752018398044143
0.9755769099458929
0.9759464471055739
0.9763105287006256
0.9766692311915195
0.9770226300899744
0.9773707999669629
0.9777138144607745
0.978051746285132
0.9783846672373524
0.9787126482065489
0.9790357591818724
0.9793540692607815
0.9796676466573412
0.9799765587105447
0.9802808718926534
0.9805806518175514
0.9808759632491112
0.9811668701095654
0.9814534354878828
0.9817357216481429
0.9820137900379085
0.9822877012965885
0.9825575152637948
0.9828232909876817
0.9830850867332734
0.9833429599907708
0.983596967483837
0.983847165177859
0.9840936082881853
0.9843363512883317
0.9845754479181588
0.984810951192016
0.98504291340685
0.9852713861502774
0.985496420308618
0.9857180660748888
0.9859363729567544
0.9861513897844354
0.9863631647185701
0.9865717452580314
0.9867771782476948
0.9869795098861571
0.9871787857334058
0.9873750507184357
0.9875683491468141
0.9877587247081928
0.9879462204837635
0.9881308789536605
0.9883127420043056
0.9884918509356967
0.9886682464686385
0.988841968751916
0.9890130573694068
0.9891815513471369
0.9893474891602738
0.9895109087400621
0.9896718474806949
0.9898303422461273
0.9899864293768268
0.9901401446964613
0.9902915235185259
0.9904406006529085
0.9905874104123901
0.9907319866190857
0.9908743626108194
0.9910145712474399
0.9911526449170697
0.9912886155422945
0.991422514586288
0.991554373058874
0.9916842215225259
0.9918120900983038
0.9919380084717284
0.9920620058985926
0.9921841112107114
0.9923043528216078
0.9924227587321393
0.9925393565360598
0.9926541734255229
0.992767236196521
0.9928785712542649
0.992988204618503
0.993096161928778
0.9932024684496267
0.9933071490757153
0.9934102283369194
0.9935117304033434
0.9936116790902788
0.9937100978631075
0.9938070098421449
0.9939024378074247
0.9939964042034285
0.9940889311437562
0.994180040415741
0.994269753485008
0.9943580914999767
0.994445075296309
0.9945307254013009
0.9946150620382221
0.994698105130598
0.9947798743064417
0.9948603889024311
0.9949396679680339
0.9950177302695786
0.9950945942942779
0.9951702782541956
0.9952448000901669
0.9953181774756662
0.9953904278206259
0.9954615682752046
0.9955316157335089
0.9956005868372635
0.9956684979794361
0.9957353653078126
0.9958012047285281
0.9958660319095476
0.995929862284104
0.9959927110540886
0.9960545931933981
0.9961155234512341
0.9961755163553627
0.9962345862153261
0.9962927471256138
0.9963500129687901
0.9964063974185798
0.9964619139429115
0.9965165758069192
0.9965703960759055
0.9966233876182606
0.9966755631083445
0.9967269350293284
0.9967775156759975
0.9968273171575148
0.9968763514001466
0.9969246301499518
0.9969721649754317
0.9970189672701452
0.9970650482552862
0.9971104189822263
0.9971550903350206
0.9971990730328789
0.9972423776326046
0.9972850145309949
0.9973269939672114
0.9973683260251155
0.9974090206355707
0.9974490875787134
0.9974885364861902
0.9975273768433653
0.9975656179914948
0.997603269129871
0.9976403393179369
0.9976768374773688
0.9977127723941301
0.997748152720497
0.9977829869770526
0.9978172835546547
0.9978510507163746
0.9978842965994068
0.9979170292169542
0.9979492564600826
0.9979809860995514
0.998012225787616
0.9980429830598053
0.9980732653366725
0.9981030799255213
0.9981324340221067
0.9981613347123114
0.9981897889737974
0.9982178036776337
0.9982453855899006
0.9982725413732704
0.9982992775885648
0.99832560069629
0.9983515170581486
0.9983770329385311
0.9984021545059827
0.998426887834651
0.998451238905712
0.9984752136087741
0.998498817743263
0.9985220570197841
0.9985449370614672
0.9985674634052898
0.9985896415033819
0.99861147672431
0.9986329743543437
0.998654139598703
0.9986749775827868
0.9986954933533843
0.9987156918798661
0.9987355780553607
0.9987551566979116
0.998774432551617
0.9987934102877537
0.9988120945058837
0.9988304897349445
0.9988486004343227
0.9988664309949126
0.9988839857401568
0.9989012689270753
0.9989182847472744
0.9989350373279441
0.9989515307328389
0.9989677689632452
0.9989837559589321
0.99899949559909
0.9990149917032549
0.9990302480322174
0.9990452682889194
0.9990600561193372
0.9990746151133504
0.9990889488055994
0.9991030606763281
0.9991169541522155
0.9991306326071938
0.9991440993632549
0.9991573576912437
0.9991704108116409
0.999183261895333
0.9991959140643708
0.9992083703927161
0.9992206339069791
0.9992327075871412
0.9992445943672705
0.9992562971362237
0.9992678187383391
0.9992791619741188
0.9992903296008995
0.9993013243335144
0.9993121488449448
0.9993228057669614
0.9993332976907565
0.9993436271675653
0.9993537967092804
0.9993638087890532
0.9993736658418905
0.9993833702652382
0.9993929244195585
0.999402330628897
0.9994115911814431
0.9994207083300786
0.9994296842929216
0.99943852125386
0.9994472213630764
0.9994557867375674
0.9994642194616526
0.9994725215874769
0.999480695135505
0.9994887420950092
0.9994966644245472
0.9995044640524365
0.9995121428772178
0.9995197027681136
0.9995271455654797
0.9995344730812479
0.999541687099365
0.9995487893762218
0.9995557816410785
0.9995626655964818
0.9995694429186754
0.9995761152580062
0.9995826842393223
0.9995891514623653
0.9995955185021579
0.9996017869093836
0.9996079582107623
0.9996140339094192
0.999620015485248
0.9996259043952698
0.999631702073984
0.9996374099337169
0.9996430293649623
0.9996485617367191
0.9996540083968218
0.9996593706722667
